#time,id,x[m],y[m],speed[m/s],heading,acc[m/s^2],lastX[pixel],lastY[pixel]
26.00,238,784.74,2.00,16.57,0.00,-0.02,809.34,517.73
26.00,239,772.46,0.00,16.69,0.00,0.09,760.14,533.20
26.00,240,760.79,1.00,16.71,0.00,0.15,774.19,570.27
26.00,241,746.03,2.00,16.58,0.00,-0.16,780.36,619.04
26.00,242,738.92,0.00,16.72,0.00,-0.06,730.24,617.76
26.00,243,727.06,1.00,16.79,0.00,0.09,733.73,657.70
26.00,244,714.48,2.00,16.67,0.00,-0.18,730.93,701.17
26.00,245,705.60,0.00,16.80,0.00,-0.02,679.52,691.06
26.00,246,693.74,1.00,16.59,0.00,0.09,672.58,730.39
26.00,247,683.25,2.00,16.70,0.00,-0.16,663.48,767.89
26.00,248,672.26,0.00,16.91,0.00,-0.13,611.34,748.57
26.00,249,660.67,1.00,16.59,0.00,0.04,595.09,784.34
26.00,250,652.79,2.00,16.61,0.00,0.09,583.95,815.03
26.00,251,638.65,0.00,16.98,0.00,0.05,529.82,786.45
26.00,252,628.37,1.00,16.59,0.00,0.12,508.42,815.86
26.00,253,622.78,2.00,16.62,0.00,-0.11,496.72,841.57
26.00,254,604.64,0.00,16.76,0.00,0.20,440.27,801.52
26.00,255,595.76,1.00,16.73,0.00,-0.16,415.61,824.33
26.00,256,591.19,2.00,16.78,0.00,-0.16,400.79,846.43
26.00,257,572.19,0.00,16.63,0.00,-0.12,353.98,793.15
26.00,258,562.16,1.00,16.94,0.00,-0.00,321.00,807.90
26.00,259,560.43,2.00,17.10,0.00,-0.01,308.99,828.09
26.00,260,539.23,0.00,16.74,0.00,0.12,271.32,762.39
26.00,261,527.67,1.00,16.86,0.00,0.13,232.07,765.79
26.00,262,526.36,2.00,17.28,0.00,0.04,205.96,775.67
26.00,263,506.17,0.00,16.69,0.00,0.01,199.32,711.17
26.00,264,494.23,1.00,16.87,0.00,-0.09,159.77,703.43
26.00,265,485.98,2.00,17.43,0.00,0.02,126.38,699.06
26.00,266,473.23,0.00,16.79,0.00,0.03,143.19,643.24
26.00,267,460.28,1.00,16.76,0.00,0.06,105.75,623.04
26.00,268,449.91,2.00,17.40,0.00,-0.01,68.03,592.51
26.00,269,439.96,0.00,16.83,0.00,-0.06,106.28,562.28
26.00,270,426.92,1.00,16.72,0.00,-0.00,75.37,532.78
26.00,200,406.83,0.00,16.82,0.00,-0.01,91.80,474.90
26.00,202,406.15,2.00,17.29,0.00,0.06,45.82,461.88
26.00,201,394.39,1.00,16.70,0.00,0.13,69.50,440.14
26.00,203,372.31,0.00,16.82,0.00,0.04,101.41,383.12
26.00,205,366.24,2.00,17.24,0.00,0.07,61.83,354.13
26.00,204,359.76,1.00,16.76,0.00,0.12,89.46,343.28
26.00,206,338.28,0.00,16.45,0.00,0.01,134.74,298.69
26.00,208,334.35,2.00,17.22,0.00,0.03,101.02,265.56
26.00,207,325.36,1.00,16.50,0.00,0.16,134.47,256.19
26.00,209,305.99,0.00,16.22,0.00,0.10,186.13,229.46
26.00,211,301.88,2.00,17.26,0.00,0.13,162.41,188.38
26.00,210,293.00,1.00,16.18,0.00,0.06,196.75,188.18
26.00,212,274.60,0.00,16.07,0.00,-0.13,251.38,176.73
26.00,214,267.43,2.00,17.25,0.00,-0.17,257.52,120.86
26.00,213,261.36,1.00,15.91,0.00,-0.08,272.42,139.06
26.00,215,243.20,0.00,16.09,0.00,0.09,327.68,141.68
26.00,216,230.29,1.00,15.96,0.00,0.06,356.46,110.54
26.00,217,226.43,2.00,17.28,0.00,-0.01,364.15,85.77
26.00,218,211.32,0.00,16.26,0.00,0.01,411.67,126.45
26.00,219,198.63,1.00,16.01,0.00,-0.04,446.63,103.48
26.00,220,193.23,2.00,17.28,0.00,0.07,464.88,81.81
26.00,221,179.56,0.00,16.41,0.00,0.11,496.43,132.68
26.00,222,166.94,1.00,16.27,0.00,-0.04,535.93,119.14
26.00,223,161.40,2.00,16.92,0.00,-0.02,559.04,102.71
26.00,224,147.28,0.00,16.45,0.00,-0.08,578.21,160.48
26.00,225,135.11,1.00,16.46,0.00,-0.10,618.79,156.74
26.00,226,128.08,2.00,16.74,0.00,0.13,658.71,156.18
26.00,227,114.26,0.00,16.56,0.00,-0.03,651.75,209.39
26.00,228,102.47,1.00,16.67,0.00,-0.13,691.22,215.56
26.00,229,88.78,2.00,16.68,0.00,-0.11,734.84,231.55
26.00,230,80.90,0.00,16.62,0.00,-0.13,710.61,276.45
26.00,231,69.31,1.00,16.78,0.00,0.08,746.82,292.25
26.00,232,56.85,2.00,16.64,0.00,-0.02,783.30,315.48
26.00,233,47.51,0.00,16.76,0.00,-0.13,749.90,356.70
26.00,234,35.42,1.00,16.74,0.00,0.11,781.00,382.71
26.00,235,26.13,2.00,16.56,0.00,0.08,808.65,405.24
26.00,236,14.45,0.00,16.71,0.00,0.08,766.72,443.44
26.00,237,2.77,1.00,16.75,0.00,0.07,790.05,475.51
27.00,239,789.20,0.00,16.78,0.00,0.08,766.41,488.84
27.00,240,777.50,1.00,16.70,0.00,-0.05,785.23,523.73
27.00,241,762.63,2.00,16.65,0.00,0.06,797.70,571.60
27.00,242,755.66,0.00,16.75,0.00,0.06,747.97,576.58
27.00,243,743.85,1.00,16.75,0.00,-0.11,756.79,615.54
27.00,244,731.14,2.00,16.70,0.00,0.10,759.58,659.37
27.00,245,722.40,0.00,16.80,0.00,-0.14,707.50,655.81
27.00,246,710.32,1.00,16.58,0.00,-0.09,705.45,696.20
27.00,247,699.96,2.00,16.71,0.00,-0.04,701.63,734.27
27.00,248,689.14,0.00,16.85,0.00,-0.09,647.76,721.72
27.00,249,677.29,1.00,16.63,0.00,0.02,635.77,759.80
27.00,250,669.37,2.00,16.58,0.00,-0.04,628.71,791.72
27.00,251,655.66,0.00,17.04,0.00,0.06,572.31,770.02
27.00,252,644.97,1.00,16.59,0.00,-0.00,553.98,802.44
27.00,253,639.41,2.00,16.65,0.00,-0.01,545.82,829.44
27.00,254,621.47,0.00,16.90,0.00,0.17,485.07,797.09
27.00,255,612.49,1.00,16.73,0.00,0.08,463.45,823.00
27.00,256,607.94,2.00,16.77,0.00,-0.02,451.79,846.86
27.00,257,588.80,0.00,16.61,0.00,-0.02,397.94,800.22
27.00,258,579.10,1.00,16.94,0.00,0.01,368.09,819.34
27.00,259,577.48,2.00,17.00,0.00,-0.22,359.29,841.03
27.00,260,555.97,0.00,16.74,0.00,0.04,312.27,780.71
27.00,261,544.58,1.00,16.93,0.00,0.16,274.20,789.47
27.00,262,543.64,2.00,17.26,0.00,-0.21,250.70,803.30
27.00,263,522.89,0.00,16.75,0.00,0.13,234.04,739.43
27.00,264,511.12,1.00,16.91,0.00,0.03,194.18,737.30
27.00,265,503.40,2.00,17.39,0.00,-0.14,161.70,738.61
27.00,266,490.03,0.00,16.80,0.00,-0.05,169.57,679.69
27.00,267,477.06,1.00,16.78,0.00,0.04,129.75,664.61
27.00,268,467.38,2.00,17.52,0.00,0.02,89.25,641.16
27.00,269,456.79,0.00,16.83,0.00,-0.10,122.27,604.43
27.00,270,443.65,1.00,16.76,0.00,0.06,87.61,579.05
27.00,200,423.68,0.00,16.86,0.00,0.12,96.29,519.81
27.00,202,423.49,2.00,17.37,0.00,0.01,49.17,514.47
27.00,201,411.11,1.00,16.73,0.00,0.09,69.52,487.93
27.00,203,389.11,0.00,16.79,0.00,-0.08,93.58,427.48
27.00,205,383.47,2.00,17.28,0.00,0.13,50.31,405.25
27.00,204,376.55,1.00,16.82,0.00,0.13,76.46,389.50
27.00,206,354.77,0.00,16.49,0.00,-0.04,115.71,338.55
27.00,208,351.55,2.00,17.19,0.00,-0.08,77.09,312.10
27.00,207,341.90,1.00,16.57,0.00,0.02,109.85,296.55
27.00,209,322.26,0.00,16.30,0.00,0.03,158.00,262.72
27.00,211,319.15,2.00,17.30,0.00,0.03,127.30,227.43
27.00,210,309.24,1.00,16.28,0.00,0.11,163.28,220.35
27.00,212,290.65,0.00,16.05,0.00,0.10,216.33,201.70
27.00,214,284.68,2.00,17.23,0.00,-0.15,212.32,147.54
27.00,213,277.31,1.00,15.96,0.00,-0.05,232.70,161.47
27.00,215,259.29,0.00,16.10,0.00,-0.05,287.50,157.26
27.00,216,246.24,1.00,15.96,0.00,0.02,312.44,122.59
27.00,217,243.72,2.00,17.33,0.00,0.02,313.09,98.25
27.00,218,227.59,0.00,16.29,0.00,0.07,368.39,131.55
27.00,219,214.63,1.00,16.01,0.00,0.10,400.86,104.21
27.00,220,210.54,2.00,17.32,0.00,-0.08,412.26,80.56
27.00,221,195.94,0.00,16.36,0.00,-0.08,452.94,126.80
27.00,222,183.17,1.00,16.18,0.00,-0.06,490.70,108.31
27.00,223,178.39,2.00,17.06,0.00,0.07,509.41,88.59
27.00,224,163.68,0.00,16.38,0.00,0.01,537.52,143.72
27.00,225,151.51,1.00,16.36,0.00,-0.08,577.27,134.73
27.00,226,144.85,2.00,16.80,0.00,-0.01,615.89,128.50
27.00,227,130.83,0.00,16.56,0.00,0.01,616.48,182.45
27.00,228,119.09,1.00,16.57,0.00,-0.14,656.26,183.27
27.00,229,105.47,2.00,16.76,0.00,0.09,701.50,193.27
27.00,230,97.52,0.00,16.62,0.00,0.11,683.52,241.11
27.00,231,86.08,1.00,16.74,0.00,-0.13,721.23,251.64
27.00,232,73.51,2.00,16.71,0.00,0.14,760.67,270.16
27.00,233,64.25,0.00,16.76,0.00,0.13,732.88,315.19
27.00,234,52.17,1.00,16.77,0.00,0.08,767.16,336.87
27.00,235,42.71,2.00,16.61,0.00,0.02,797.68,356.02
27.00,236,31.17,0.00,16.74,0.00,0.05,761.06,399.01
27.00,237,19.49,1.00,16.66,0.00,-0.13,788.42,427.67
27.00,238,9.65,2.00,16.64,0.00,0.11,813.13,467.19
28.00,241,779.27,2.00,16.65,0.00,-0.02,808.69,522.18
28.00,242,772.42,0.00,16.79,0.00,0.16,760.10,533.37
28.00,243,760.59,1.00,16.78,0.00,0.08,774.01,570.84
28.00,244,747.83,2.00,16.67,0.00,-0.14,782.52,614.04
28.00,245,739.18,0.00,16.78,0.00,0.04,730.54,617.17
28.00,246,726.92,1.00,16.63,0.00,0.19,733.57,657.95
28.00,247,716.65,2.00,16.65,0.00,-0.15,734.98,695.94
28.00,248,706.00,0.00,16.84,0.00,-0.11,680.21,690.29
28.00,249,693.89,1.00,16.59,0.00,0.08,672.89,730.11
28.00,250,685.99,2.00,16.63,0.00,-0.12,670.07,762.70
28.00,251,672.68,0.00,16.99,0.00,-0.09,612.23,748.00
28.00,252,661.57,1.00,16.59,0.00,0.05,597.37,783.15
28.00,253,656.02,2.00,16.63,0.00,0.08,592.88,810.97
28.00,254,638.41,0.00,16.95,0.00,-0.04,529.22,786.64
28.00,255,629.17,1.00,16.63,0.00,-0.11,510.60,815.36
28.00,256,624.72,2.00,16.82,0.00,0.03,502.42,840.51
28.00,257,605.46,0.00,16.69,0.00,0.11,442.52,801.44
28.00,258,596.02,1.00,16.88,0.00,-0.16,416.25,824.36
28.00,259,594.46,2.00,16.94,0.00,-0.23,410.63,847.04
28.00,260,572.69,0.00,16.73,0.00,-0.00,355.22,793.43
28.00,261,561.52,1.00,16.97,0.00,0.16,319.22,807.34
28.00,262,560.87,2.00,17.23,0.00,-0.07,298.68,824.52
28.00,263,539.66,0.00,16.78,0.00,0.06,272.33,762.92
28.00,264,527.99,1.00,16.84,0.00,-0.11,232.83,766.29
28.00,265,520.80,2.00,17.39,0.00,-0.03,202.06,772.84
28.00,266,506.83,0.00,16.79,0.00,-0.00,200.59,712.35
28.00,267,493.91,1.00,16.90,0.00,0.18,159.15,702.73
28.00,268,484.93,2.00,17.57,0.00,-0.11,117.15,686.66
28.00,269,473.63,0.00,16.87,0.00,0.12,143.74,644.11
28.00,270,460.38,1.00,16.71,0.00,0.00,105.88,623.31
28.00,202,440.87,2.00,17.43,0.00,0.16,59.73,566.26
28.00,200,440.55,0.00,16.87,0.00,-0.09,106.74,563.77
28.00,201,427.83,1.00,16.74,0.00,0.04,75.87,535.34
28.00,203,405.94,0.00,16.85,0.00,0.05,91.73,472.51
28.00,205,400.81,2.00,17.40,0.00,0.06,45.86,457.72
28.00,204,393.40,1.00,16.88,0.00,-0.09,69.70,437.19
28.00,206,371.31,0.00,16.56,0.00,0.06,102.02,380.66
28.00,208,368.73,2.00,17.19,0.00,-0.13,59.74,361.41
28.00,207,358.47,1.00,16.58,0.00,0.09,90.67,339.91
28.00,209,338.63,0.00,16.41,0.00,0.05,134.27,299.53
28.00,211,336.48,2.00,17.35,0.00,-0.06,97.76,271.06
28.00,210,325.56,1.00,16.37,0.00,0.02,134.10,256.72
28.00,212,306.75,0.00,16.13,0.00,0.03,184.70,230.97
28.00,214,301.92,2.00,17.29,0.00,-0.02,171.22,180.10
28.00,213,293.28,1.00,15.99,0.00,0.05,196.06,188.76
28.00,215,275.40,0.00,16.13,0.00,-0.03,249.57,177.87
28.00,216,262.23,1.00,15.98,0.00,-0.04,270.21,140.13
28.00,217,261.06,2.00,17.33,0.00,-0.16,264.04,117.67
28.00,218,243.86,0.00,16.26,0.00,-0.04,326.10,142.19
28.00,219,230.63,1.00,16.02,0.00,0.10,355.53,110.74
28.00,220,227.87,2.00,17.36,0.00,-0.09,359.89,86.53
28.00,221,212.33,0.00,16.42,0.00,0.07,409.03,126.60
28.00,222,199.36,1.00,16.19,0.00,-0.08,444.64,103.39
28.00,223,195.51,2.00,17.17,0.00,-0.05,457.90,81.22
28.00,224,180.08,0.00,16.39,0.00,-0.13,495.08,132.41
28.00,225,167.82,1.00,16.30,0.00,0.02,533.52,118.40
28.00,226,161.72,2.00,16.96,0.00,0.14,569.55,106.65
28.00,227,147.36,0.00,16.51,0.00,0.06,578.04,160.39
28.00,228,135.65,1.00,16.54,0.00,-0.04,617.51,155.95
28.00,229,122.26,2.00,16.80,0.00,-0.09,663.18,159.56
28.00,230,114.12,0.00,16.62,0.00,-0.06,652.06,209.66
28.00,231,102.84,1.00,16.73,0.00,-0.15,690.52,214.83
28.00,232,90.22,2.00,16.73,0.00,0.07,732.17,228.09
28.00,233,81.02,0.00,16.76,0.00,-0.06,710.48,276.26
28.00,234,68.92,1.00,16.74,0.00,-0.07,747.34,293.22
28.00,235,59.31,2.00,16.62,0.00,0.09,780.33,308.58
28.00,236,47.94,0.00,16.80,0.00,0.12,749.54,355.63
28.00,237,36.16,1.00,16.69,0.00,-0.10,780.52,380.64
28.00,238,26.25,2.00,16.60,0.00,-0.01,810.27,416.96
28.00,239,14.26,0.00,16.73,0.00,-0.00,766.75,443.97
28.00,240,2.54,1.00,16.73,0.00,0.15,790.03,476.16
29.00,242,789.22,0.00,16.80,0.00,0.06,766.41,488.82
29.00,243,777.35,1.00,16.77,0.00,0.02,785.16,524.20
29.00,244,764.53,2.00,16.73,0.00,0.06,799.27,566.09
29.00,245,756.01,0.00,16.88,0.00,0.08,748.26,575.76
29.00,246,743.57,1.00,16.69,0.00,0.10,756.48,616.21
29.00,247,733.30,2.00,16.65,0.00,-0.04,762.89,653.67
29.00,248,722.83,0.00,16.83,0.00,0.05,708.14,654.87
29.00,249,710.49,1.00,16.63,0.00,0.10,705.75,695.83
29.00,250,702.60,2.00,16.60,0.00,-0.19,707.28,728.46
29.00,251,689.64,0.00,16.96,0.00,0.04,648.74,720.89
29.00,252,678.17,1.00,16.62,0.00,0.15,637.85,758.34
29.00,253,672.65,2.00,16.60,0.00,-0.20,637.16,786.44
29.00,254,655.38,0.00,17.01,0.00,0.00,571.64,770.33
29.00,255,645.77,1.00,16.60,0.00,0.06,556.12,801.64
29.00,256,641.49,2.00,16.76,0.00,0.05,551.78,827.49
29.00,257,622.20,0.00,16.81,0.00,0.16,487.07,796.75
29.00,258,612.90,1.00,16.84,0.00,-0.15,464.55,822.89
29.00,259,611.39,2.00,16.92,0.00,-0.10,462.16,846.11
29.00,260,589.40,0.00,16.71,0.00,0.01,399.48,800.36
29.00,261,578.50,1.00,17.02,0.00,0.02,366.35,819.03
29.00,262,578.03,2.00,17.13,0.00,-0.05,348.93,838.95
29.00,263,556.44,0.00,16.78,0.00,-0.09,313.44,781.14
29.00,264,544.83,1.00,16.87,0.00,0.00,274.88,789.80
29.00,265,538.18,2.00,17.38,0.00,-0.17,246.72,801.18
29.00,266,523.63,0.00,16.77,0.00,-0.12,235.64,740.56
29.00,267,510.79,1.00,16.89,0.00,-0.03,193.48,736.70
29.00,268,502.50,2.00,17.55,0.00,-0.12,151.14,727.90
29.00,269,490.54,0.00,16.97,0.00,0.09,170.40,680.69
29.00,270,477.15,1.00,16.79,0.00,-0.08,129.88,664.81
29.00,202,458.34,2.00,17.53,0.00,0.14,77.41,616.32
29.00,200,457.38,0.00,16.84,0.00,0.08,122.93,605.88
29.00,201,444.57,1.00,16.78,0.00,0.16,88.46,581.54
29.00,203,422.81,0.00,16.88,0.00,-0.10,95.91,517.49
29.00,205,418.23,2.00,17.42,0.00,-0.02,48.67,510.63
29.00,204,410.29,1.00,16.88,0.00,-0.00,69.37,485.51
29.00,206,387.93,0.00,16.66,0.00,0.03,93.93,424.41
29.00,208,385.94,2.00,17.26,0.00,0.01,49.24,412.69
29.00,207,375.10,1.00,16.67,0.00,-0.03,77.32,385.52
29.00,209,355.04,0.00,16.40,0.00,-0.07,115.43,339.26
29.00,211,353.82,2.00,17.36,0.00,-0.02,74.45,318.40
29.00,210,342.00,1.00,16.47,0.00,-0.01,109.69,296.84
29.00,212,322.91,0.00,16.18,0.00,0.01,156.93,264.17
29.00,214,319.22,2.00,17.33,0.00,-0.09,134.83,218.11
29.00,213,309.30,1.00,16.05,0.00,-0.04,163.09,220.56
29.00,215,291.53,0.00,16.10,0.00,-0.06,214.53,203.18
29.00,217,278.43,2.00,17.39,0.00,0.03,218.07,143.67
29.00,216,278.19,1.00,15.98,0.00,0.06,230.58,162.86
29.00,218,260.10,0.00,16.25,0.00,0.10,285.60,158.15
29.00,219,246.67,1.00,16.03,0.00,-0.14,311.31,122.98
29.00,220,245.25,2.00,17.38,0.00,0.02,308.69,99.68
29.00,221,228.75,0.00,16.40,0.00,-0.05,365.39,132.11
29.00,222,215.54,1.00,16.18,0.00,-0.09,398.36,104.42
29.00,223,212.70,2.00,17.25,0.00,0.16,405.63,80.91
29.00,224,196.49,0.00,16.44,0.00,0.05,451.50,126.70
29.00,225,184.10,1.00,16.31,0.00,0.08,488.14,107.88
29.00,226,178.72,2.00,17.03,0.00,-0.10,520.30,91.07
29.00,227,163.86,0.00,16.50,0.00,-0.01,537.13,143.59
29.00,228,152.14,1.00,16.43,0.00,-0.16,575.67,134.02
29.00,229,139.10,2.00,16.86,0.00,-0.11,620.58,131.15
29.00,230,130.74,0.00,16.62,0.00,-0.06,616.69,182.59
29.00,231,119.56,1.00,16.71,0.00,0.09,655.27,182.47
29.00,232,106.97,2.00,16.79,0.00,0.11,698.28,190.07
29.00,233,97.77,0.00,16.75,0.00,0.01,683.12,240.65
29.00,234,85.67,1.00,16.76,0.00,-0.01,721.92,252.59
29.00,235,75.93,2.00,16.62,0.00,-0.10,756.87,263.79
29.00,236,64.77,0.00,16.83,0.00,-0.12,732.29,313.99
29.00,237,52.84,1.00,16.66,0.00,-0.08,766.46,335.01
29.00,238,42.85,2.00,16.62,0.00,-0.01,800.82,367.35
29.00,239,31.00,0.00,16.75,0.00,0.13,761.15,399.46
29.00,240,19.28,1.00,16.74,0.00,0.06,788.49,428.30
29.00,241,4.24,2.00,16.67,0.00,0.06,813.07,471.23
30.00,244,781.28,2.00,16.76,0.00,0.04,809.56,516.20
30.00,245,772.92,0.00,16.90,0.00,-0.12,760.36,532.12
30.00,246,760.29,1.00,16.78,0.00,0.18,773.75,571.65
30.00,247,750.00,2.00,16.73,0.00,-0.03,785.04,607.98
30.00,248,739.66,0.00,16.83,0.00,0.01,731.10,616.06
30.00,249,727.13,1.00,16.63,0.00,0.02,733.88,657.46
30.00,250,719.23,2.00,16.64,0.00,-0.09,739.67,689.64
30.00,251,706.62,0.00,16.98,0.00,-0.06,681.28,689.10
30.00,252,694.79,1.00,16.62,0.00,-0.10,674.76,728.39
30.00,253,689.24,2.00,16.59,0.00,-0.11,677.71,756.38
30.00,254,672.40,0.00,17.01,0.00,0.07,611.60,748.41
30.00,255,662.37,1.00,16.60,0.00,-0.02,599.38,782.09
30.00,256,658.20,2.00,16.72,0.00,-0.03,598.83,808.11
30.00,257,639.04,0.00,16.87,0.00,0.07,530.87,786.12
30.00,258,629.70,1.00,16.76,0.00,0.00,512.01,815.03
30.00,259,628.30,2.00,16.85,0.00,-0.25,513.04,838.30
30.00,260,606.15,0.00,16.76,0.00,-0.00,444.32,801.37
30.00,261,595.52,1.00,17.04,0.00,-0.03,414.75,824.30
30.00,262,595.17,2.00,17.16,0.00,-0.02,400.50,846.41
30.00,263,573.24,0.00,16.85,0.00,0.11,356.61,793.74
30.00,264,561.73,1.00,16.95,0.00,0.18,319.82,807.53
30.00,265,555.55,2.00,17.40,0.00,0.04,294.80,823.09
30.00,266,540.42,0.00,16.77,0.00,-0.03,274.13,763.86
30.00,267,527.70,1.00,16.89,0.00,-0.11,232.11,765.82
30.00,268,520.02,2.00,17.51,0.00,-0.14,190.45,763.95
30.00,269,507.48,0.00,16.93,0.00,0.02,201.81,713.46
30.00,270,493.96,1.00,16.83,0.00,0.00,159.26,702.86
30.00,202,475.94,2.00,17.64,0.00,-0.11,102.02,663.77
30.00,200,474.23,0.00,16.83,0.00,-0.07,144.61,645.49
30.00,201,461.33,1.00,16.77,0.00,0.11,107.08,625.73
30.00,203,439.71,0.00,16.89,0.00,-0.10,106.07,561.59
30.00,205,435.63,2.00,17.40,0.00,-0.01,58.74,562.61
30.00,204,427.17,1.00,16.85,0.00,-0.12,75.49,533.44
30.00,206,404.68,0.00,16.84,0.00,0.20,91.66,469.14
30.00,208,403.20,2.00,17.29,0.00,-0.01,45.81,465.06
30.00,207,391.81,1.00,16.73,0.00,-0.04,70.06,432.73
30.00,209,371.50,0.00,16.50,0.00,-0.07,101.89,381.18
30.00,211,371.17,2.00,17.32,0.00,-0.02,57.84,368.51
30.00,210,358.51,1.00,16.51,0.00,-0.07,90.63,340.03
30.00,212,339.16,0.00,16.32,0.00,0.18,133.55,300.82
30.00,214,336.59,2.00,17.38,0.00,-0.16,103.88,260.90
30.00,213,325.37,1.00,16.13,0.00,0.25,134.33,256.38
30.00,215,307.64,0.00,16.13,0.00,0.15,183.05,232.71
30.00,217,295.85,2.00,17.46,0.00,0.11,175.99,175.84
30.00,216,294.19,1.00,16.00,0.00,-0.03,194.08,190.46
30.00,218,276.30,0.00,16.15,0.00,-0.11,247.56,179.14
30.00,219,262.68,1.00,15.98,0.00,-0.06,269.07,140.70
30.00,220,262.64,2.00,17.45,0.00,0.06,259.76,119.75
30.00,221,245.10,0.00,16.32,0.00,-0.03,322.96,143.21
30.00,222,231.69,1.00,16.11,0.00,-0.03,352.64,111.35
30.00,223,230.01,2.00,17.34,0.00,-0.04,353.49,87.77
30.00,224,212.96,0.00,16.49,0.00,0.08,407.39,126.70
30.00,225,200.40,1.00,16.29,0.00,0.03,441.72,103.28
30.00,226,195.77,2.00,17.07,0.00,-0.06,469.19,82.23
30.00,227,180.40,0.00,16.58,0.00,0.03,494.32,132.26
30.00,228,168.55,1.00,16.43,0.00,-0.03,531.58,117.82
30.00,229,156.00,2.00,16.94,0.00,-0.05,574.40,108.59
30.00,230,147.41,0.00,16.66,0.00,0.02,577.99,160.37
30.00,231,136.23,1.00,16.65,0.00,-0.01,616.14,155.12
30.00,232,123.78,2.00,16.87,0.00,0.13,659.51,156.77
30.00,233,114.51,0.00,16.75,0.00,0.09,651.32,209.02
30.00,234,102.45,1.00,16.78,0.00,0.04,691.30,215.65
30.00,235,92.58,2.00,16.68,0.00,0.14,727.69,222.44
30.00,236,81.61,0.00,16.84,0.00,0.04,709.61,274.96
30.00,237,69.50,1.00,16.65,0.00,-0.06,746.53,291.71
30.00,238,59.46,2.00,16.65,0.00,0.08,784.92,319.40
30.00,239,47.79,0.00,16.81,0.00,-0.04,749.67,356.02
30.00,240,36.03,1.00,16.74,0.00,-0.08,780.61,381.03
30.00,241,20.92,2.00,16.69,0.00,-0.02,810.75,421.05
30.00,242,14.33,0.00,16.78,0.00,-0.12,766.74,443.81
30.00,243,2.49,1.00,16.83,0.00,0.13,790.02,476.36
31.00,245,789.82,0.00,16.91,0.00,0.08,766.52,487.26
31.00,246,777.07,1.00,16.79,0.00,0.19,785.02,525.01
31.00,247,766.74,2.00,16.78,0.00,0.11,801.00,559.63
31.00,248,756.53,0.00,16.87,0.00,-0.07,748.71,574.45
31.00,249,743.74,1.00,16.62,0.00,0.10,756.70,615.75
31.00,250,735.85,2.00,16.63,0.00,-0.08,766.68,646.85
31.00,251,723.61,0.00,17.00,0.00,-0.03,709.28,653.20
31.00,252,711.39,1.00,16.61,0.00,0.03,707.40,693.86
31.00,253,705.87,2.00,16.66,0.00,-0.04,714.03,721.20
31.00,254,689.43,0.00,17.07,0.00,0.13,648.27,721.28
31.00,255,678.95,1.00,16.54,0.00,-0.10,639.71,757.01
31.00,256,674.92,2.00,16.67,0.00,-0.19,642.89,782.68
31.00,257,655.91,0.00,16.92,0.00,0.17,572.97,769.71
31.00,258,646.43,1.00,16.67,0.00,-0.15,557.82,801.00
31.00,259,645.10,2.00,16.74,0.00,-0.20,562.14,823.84
31.00,260,622.92,0.00,16.79,0.00,-0.03,488.96,796.42
31.00,261,612.52,1.00,17.00,0.00,0.08,463.40,823.00
31.00,262,612.26,2.00,17.05,0.00,-0.18,452.57,846.81
31.00,263,590.06,0.00,16.81,0.00,0.02,401.18,800.51
31.00,264,578.69,1.00,16.97,0.00,0.05,366.90,819.13
31.00,265,572.91,2.00,17.34,0.00,-0.25,345.44,838.19
31.00,266,557.16,0.00,16.71,0.00,0.04,315.27,781.81
31.00,267,544.62,1.00,16.94,0.00,0.14,274.29,789.52
31.00,268,537.50,2.00,17.45,0.00,-0.15,234.28,794.14
31.00,269,524.39,0.00,16.91,0.00,0.08,237.28,741.70
31.00,270,510.83,1.00,16.88,0.00,0.06,193.56,736.77
31.00,202,493.56,2.00,17.63,0.00,-0.05,133.09,707.47
31.00,200,491.09,0.00,16.92,0.00,0.16,171.36,681.83
31.00,201,478.10,1.00,16.77,0.00,-0.02,131.41,667.08
31.00,203,456.60,0.00,16.92,0.00,0.13,122.04,603.93
31.00,205,453.03,2.00,17.47,0.00,0.13,75.87,612.69
31.00,204,444.03,1.00,16.82,0.00,-0.13,87.94,580.03
31.00,206,421.53,0.00,16.86,0.00,-0.08,95.38,514.11
31.00,208,420.50,2.00,17.30,0.00,-0.07,49.59,517.56
31.00,207,408.61,1.00,16.84,0.00,0.19,69.11,480.72
31.00,211,388.48,2.00,17.32,0.00,0.08,48.29,420.32
31.00,209,388.02,0.00,16.55,0.00,0.19,93.90,424.71
31.00,210,375.06,1.00,16.61,0.00,0.16,77.34,385.45
31.00,212,355.49,0.00,16.36,0.00,0.04,114.98,340.41
31.00,214,353.99,2.00,17.40,0.00,-0.10,79.05,307.63
31.00,213,341.58,1.00,16.30,0.00,0.17,110.20,295.87
31.00,215,323.80,0.00,16.17,0.00,-0.11,155.53,266.10
31.00,217,313.32,2.00,17.51,0.00,0.04,138.63,213.62
31.00,216,310.22,1.00,16.05,0.00,0.09,161.31,222.52
31.00,218,292.48,0.00,16.20,0.00,-0.02,212.61,204.77
31.00,220,280.10,2.00,17.47,0.00,0.02,213.87,146.48
31.00,219,278.64,1.00,15.96,0.00,0.11,229.51,163.57
31.00,221,261.38,0.00,16.26,0.00,-0.02,282.51,159.62
31.00,222,247.78,1.00,16.08,0.00,-0.07,308.36,124.01
31.00,223,247.38,2.00,17.37,0.00,-0.06,302.56,101.77
31.00,224,229.42,0.00,16.42,0.00,-0.09,363.62,132.46
31.00,225,216.67,1.00,16.24,0.00,0.05,395.18,104.71
31.00,226,212.91,2.00,17.16,0.00,-0.10,417.13,80.37
31.00,227,196.97,0.00,16.57,0.00,-0.08,450.28,126.62
31.00,228,184.95,1.00,16.38,0.00,-0.03,485.79,107.50
31.00,229,173.00,2.00,17.06,0.00,0.07,525.36,92.34
31.00,230,164.06,0.00,16.66,0.00,0.15,536.70,143.45
31.00,231,152.86,1.00,16.59,0.00,-0.11,573.87,133.23
31.00,232,140.68,2.00,16.91,0.00,-0.03,616.42,128.80
31.00,233,131.27,0.00,16.75,0.00,-0.02,615.59,181.86
31.00,234,119.26,1.00,16.82,0.00,0.05,655.97,183.04
31.00,235,109.31,2.00,16.76,0.00,-0.04,693.14,185.12
31.00,236,98.47,0.00,16.85,0.00,-0.02,681.92,239.29
31.00,237,86.16,1.00,16.68,0.00,0.09,721.07,251.42
31.00,238,76.12,2.00,16.64,0.00,-0.10,762.78,273.81
31.00,239,64.63,0.00,16.85,0.00,-0.07,732.46,314.33
31.00,240,52.84,1.00,16.84,0.00,0.05,766.50,335.12
31.00,241,37.61,2.00,16.67,0.00,-0.18,801.76,371.06
31.00,242,31.14,0.00,16.82,0.00,-0.05,761.09,399.15
31.00,243,19.33,1.00,16.84,0.00,-0.00,788.48,428.23
31.00,244,6.35,2.00,16.72,0.00,-0.18,813.14,465.23
32.00,247,783.54,2.00,16.83,0.00,-0.04,810.43,509.42
32.00,248,773.38,0.00,16.87,0.00,0.15,760.61,530.90
32.00,249,760.37,1.00,16.64,0.00,0.08,773.84,571.36
32.00,250,752.52,2.00,16.67,0.00,-0.14,787.86,600.81
32.00,251,740.64,0.00,17.00,0.00,-0.15,732.23,613.80
32.00,252,728.00,1.00,16.62,0.00,-0.08,735.22,655.34
32.00,253,722.53,2.00,16.65,0.00,-0.10,745.48,681.42
32.00,254,706.47,0.00,17.04,0.00,0.09,681.00,689.41
32.00,255,695.49,1.00,16.53,0.00,-0.06,676.28,726.97
32.00,256,691.59,2.00,16.66,0.00,-0.16,683.09,751.73
32.00,257,672.90,0.00,17.02,0.00,-0.07,612.73,747.68
32.00,258,663.08,1.00,16.63,0.00,-0.08,601.16,781.13
32.00,259,661.81,2.00,16.68,0.00,-0.19,608.63,803.11
32.00,260,639.70,0.00,16.80,0.00,0.12,532.61,785.57
32.00,261,629.50,1.00,16.97,0.00,0.02,511.35,815.19
32.00,262,629.27,2.00,16.95,0.00,-0.27,503.96,840.21
32.00,263,606.84,0.00,16.76,0.00,-0.02,446.17,801.28
32.00,264,595.68,1.00,17.00,0.00,-0.03,415.23,824.32
32.00,265,590.22,2.00,17.29,0.00,-0.11,397.55,846.17
32.00,266,573.87,0.00,16.70,0.00,0.05,358.34,794.12
32.00,267,561.60,1.00,17.02,0.00,0.15,319.43,807.41
32.00,268,554.96,2.00,17.44,0.00,-0.14,281.80,817.94
32.00,269,541.25,0.00,16.81,0.00,0.05,276.09,764.87
32.00,270,527.76,1.00,16.97,0.00,0.12,232.23,765.90
32.00,202,511.20,2.00,17.65,0.00,-0.10,169.99,746.44
32.00,200,508.01,0.00,16.90,0.00,0.04,202.87,714.43
32.00,201,494.87,1.00,16.80,0.00,0.11,161.01,704.83
32.00,203,473.53,0.00,17.00,0.00,0.17,143.56,643.84
32.00,205,470.56,2.00,17.55,0.00,-0.10,99.88,660.22
32.00,204,460.85,1.00,16.83,0.00,-0.09,106.45,624.46
32.00,206,438.41,0.00,16.88,0.00,-0.07,105.09,558.27
32.00,208,437.82,2.00,17.33,0.00,-0.07,60.53,569.08
32.00,207,425.49,1.00,16.92,0.00,0.11,74.59,528.66
32.00,211,405.79,2.00,17.36,0.00,0.07,45.92,472.92
32.00,209,404.63,0.00,16.68,0.00,0.17,91.66,469.10
32.00,210,391.69,1.00,16.64,0.00,0.02,70.09,432.44
32.00,212,371.87,0.00,16.41,0.00,0.08,101.64,382.19
32.00,214,371.39,2.00,17.45,0.00,0.10,60.89,357.34
32.00,213,357.90,1.00,16.37,0.00,0.14,91.19,338.48
32.00,215,339.96,0.00,16.16,0.00,0.03,132.48,302.78
32.00,217,330.84,2.00,17.51,0.00,-0.03,106.76,256.34
32.00,216,326.30,1.00,16.10,0.00,0.03,132.80,258.58
32.00,218,308.66,0.00,16.16,0.00,-0.05,181.19,234.70
32.00,220,297.58,2.00,17.55,0.00,0.11,172.09,179.32
32.00,219,294.61,1.00,15.97,0.00,-0.02,193.16,191.26
32.00,221,277.60,0.00,16.18,0.00,-0.06,244.64,181.03
32.00,223,264.73,2.00,17.39,0.00,0.08,254.05,122.62
32.00,222,263.84,1.00,16.06,0.00,-0.05,266.13,142.18
32.00,224,245.83,0.00,16.38,0.00,0.04,321.12,143.83
32.00,225,232.88,1.00,16.18,0.00,-0.07,349.35,112.09
32.00,226,230.05,2.00,17.18,0.00,0.07,365.24,85.59
32.00,227,213.55,0.00,16.53,0.00,-0.18,405.86,126.81
32.00,228,201.31,1.00,16.33,0.00,-0.11,439.16,103.20
32.00,229,190.10,2.00,17.11,0.00,0.03,474.27,82.79
32.00,230,180.74,0.00,16.68,0.00,-0.01,493.48,132.10
32.00,231,169.42,1.00,16.54,0.00,-0.10,529.26,117.15
32.00,232,157.60,2.00,16.96,0.00,0.04,569.89,106.78
32.00,233,148.02,0.00,16.74,0.00,-0.08,576.55,159.67
32.00,234,136.03,1.00,16.75,0.00,0.01,616.68,155.45
32.00,235,126.13,2.00,16.86,0.00,-0.05,653.74,152.54
32.00,236,115.30,0.00,16.85,0.00,0.11,649.76,207.67
32.00,237,102.86,1.00,16.71,0.00,-0.01,690.46,214.77
32.00,238,92.79,2.00,16.72,0.00,0.05,734.82,231.52
32.00,239,81.51,0.00,16.87,0.00,-0.11,709.78,275.22
32.00,240,69.66,1.00,16.85,0.00,0.09,746.37,291.41
32.00,241,54.25,2.00,16.68,0.00,0.00,786.30,322.83
32.00,242,47.96,0.00,16.83,0.00,0.10,749.52,355.58
32.00,243,36.21,1.00,16.91,0.00,0.04,780.51,380.62
32.00,244,23.11,2.00,16.77,0.00,-0.07,809.96,414.48
32.00,245,15.03,0.00,16.84,0.00,-0.11,766.63,441.98
32.00,246,2.18,1.00,16.78,0.00,-0.03,789.99,477.23
33.00,248,790.22,0.00,16.82,0.00,-0.03,766.60,486.14
33.00,249,777.01,1.00,16.64,0.00,-0.02,785.00,525.10
33.00,250,769.21,2.00,16.73,0.00,-0.08,802.81,552.31
33.00,251,757.61,0.00,16.97,0.00,-0.02,749.64,571.76
33.00,252,744.64,1.00,16.64,0.00,-0.10,757.77,613.41
33.00,253,739.19,2.00,16.69,0.00,0.05,771.40,637.88
33.00,254,723.54,0.00,17.10,0.00,0.05,709.14,653.41
33.00,255,712.03,1.00,16.56,0.00,0.16,708.59,692.41
33.00,256,708.26,2.00,16.66,0.00,-0.09,718.85,715.76
33.00,257,689.96,0.00,17.10,0.00,0.11,649.35,720.36
33.00,258,679.70,1.00,16.64,0.00,0.03,641.39,755.80
33.00,259,678.47,2.00,16.64,0.00,-0.14,651.82,776.51
33.00,260,656.54,0.00,16.88,0.00,0.04,574.50,768.98
33.00,261,646.42,1.00,16.90,0.00,-0.10,557.69,801.05
33.00,262,646.15,2.00,16.83,0.00,-0.21,553.65,826.86
33.00,263,623.63,0.00,16.81,0.00,0.01,490.83,796.08
33.00,264,612.67,1.00,16.99,0.00,0.08,463.81,822.96
33.00,265,607.47,2.00,17.20,0.00,-0.17,450.09,846.95
33.00,266,590.59,0.00,16.70,0.00,-0.08,402.65,800.63
33.00,267,578.64,1.00,17.08,0.00,0.06,366.71,819.10
33.00,268,572.38,2.00,17.38,0.00,-0.17,332.03,834.92
33.00,269,558.05,0.00,16.82,0.00,-0.03,317.48,782.59
33.00,270,544.77,1.00,17.02,0.00,-0.12,274.63,789.68
33.00,202,528.86,2.00,17.67,0.00,-0.04,212.01,779.92
33.00,200,524.93,0.00,16.92,0.00,-0.12,238.45,742.50
33.00,201,511.69,1.00,16.80,0.00,-0.06,195.48,738.41
33.00,203,490.52,0.00,16.98,0.00,-0.02,170.35,680.63
33.00,205,488.13,2.00,17.62,0.00,0.11,130.36,704.10
33.00,204,477.69,1.00,16.86,0.00,0.08,130.72,666.06
33.00,206,455.31,0.00,16.92,0.00,0.07,120.62,600.78
33.00,208,455.21,2.00,17.44,0.00,-0.04,78.50,618.80
33.00,207,442.44,1.00,16.98,0.00,0.02,86.48,575.63
33.00,211,423.14,2.00,17.38,0.00,0.11,50.79,525.47
33.00,209,421.35,0.00,16.73,0.00,-0.08,95.32,513.69
33.00,210,408.39,1.00,16.77,0.00,0.14,69.09,480.15
33.00,214,388.78,2.00,17.39,0.00,-0.04,49.73,409.12
33.00,212,388.33,0.00,16.53,0.00,0.18,93.80,425.55
33.00,213,374.30,1.00,16.46,0.00,0.22,77.80,383.41
33.00,215,356.17,0.00,16.26,0.00,0.10,114.29,342.16
33.00,217,348.34,2.00,17.50,0.00,-0.05,81.14,303.02
33.00,216,342.41,1.00,16.15,0.00,0.05,109.06,298.07
33.00,218,324.83,0.00,16.17,0.00,-0.04,153.92,268.36
33.00,220,315.17,2.00,17.61,0.00,-0.04,135.05,217.85
33.00,219,310.60,1.00,16.01,0.00,-0.10,160.58,223.33
33.00,221,293.79,0.00,16.21,0.00,0.08,209.93,207.04
33.00,223,282.16,2.00,17.48,0.00,0.04,208.72,150.04
33.00,222,279.88,1.00,16.01,0.00,-0.14,226.58,165.54
33.00,224,262.21,0.00,16.40,0.00,0.08,280.57,160.57
33.00,225,249.07,1.00,16.18,0.00,-0.10,304.94,125.25
33.00,226,247.26,2.00,17.29,0.00,0.12,314.40,97.84
33.00,227,230.10,0.00,16.51,0.00,-0.15,361.91,132.81
33.00,228,217.64,1.00,16.30,0.00,-0.15,392.44,104.98
33.00,229,207.22,2.00,17.12,0.00,-0.10,422.25,80.24
33.00,230,197.44,0.00,16.72,0.00,0.10,449.09,126.55
33.00,231,185.95,1.00,16.52,0.00,-0.00,483.03,107.07
33.00,232,174.57,2.00,16.98,0.00,-0.03,520.70,91.17
33.00,233,164.78,0.00,16.78,0.00,0.13,534.93,142.86
33.00,234,152.82,1.00,16.79,0.00,-0.13,574.06,133.32
33.00,235,143.00,2.00,16.91,0.00,-0.04,610.20,125.40
33.00,236,132.14,0.00,16.84,0.00,0.04,613.67,180.60
33.00,237,119.54,1.00,16.70,0.00,0.11,655.29,182.48
33.00,238,109.51,2.00,16.73,0.00,0.01,701.40,193.18
33.00,239,98.38,0.00,16.87,0.00,0.03,682.09,239.49
33.00,240,86.47,1.00,16.79,0.00,0.03,720.59,250.75
33.00,241,70.96,2.00,16.74,0.00,0.02,764.53,276.92
33.00,242,64.78,0.00,16.82,0.00,0.03,732.27,313.94
33.00,243,53.11,1.00,16.88,0.00,-0.08,766.23,334.41
33.00,244,39.85,2.00,16.73,0.00,-0.12,800.06,364.49
33.00,245,31.85,0.00,16.81,0.00,-0.05,760.71,397.27
33.00,246,18.95,1.00,16.78,0.00,0.05,788.58,429.26
33.00,247,8.68,2.00,16.81,0.00,-0.03,813.11,458.31
34.00,250,785.95,2.00,16.76,0.00,-0.00,811.24,502.08
34.00,251,774.56,0.00,16.96,0.00,0.09,761.22,527.82
34.00,252,761.27,1.00,16.65,0.00,0.11,774.60,568.92
34.00,253,755.89,2.00,16.69,0.00,-0.19,791.39,591.20
34.00,254,740.63,0.00,17.11,0.00,0.11,732.20,613.86
34.00,255,728.61,1.00,16.57,0.00,-0.02,736.16,653.83
34.00,256,724.95,2.00,16.75,0.00,0.05,749.57,675.36
34.00,257,707.04,0.00,17.11,0.00,0.15,681.99,688.30
34.00,258,696.38,1.00,16.69,0.00,-0.05,678.05,725.30
34.00,259,695.12,2.00,16.67,0.00,0.00,691.05,744.52
34.00,260,673.47,0.00,16.95,0.00,0.07,614.04,746.83
34.00,261,663.30,1.00,16.88,0.00,0.04,601.58,780.90
34.00,262,662.93,2.00,16.76,0.00,-0.06,600.77,807.14
34.00,263,640.46,0.00,16.83,0.00,-0.02,534.51,784.95
34.00,264,629.63,1.00,16.95,0.00,-0.03,511.71,815.10
34.00,265,624.62,2.00,17.11,0.00,-0.22,501.91,840.61
34.00,266,607.29,0.00,16.72,0.00,0.04,447.39,801.22
34.00,267,595.70,1.00,17.08,0.00,0.04,415.24,824.32
34.00,268,589.76,2.00,17.37,0.00,-0.05,384.00,844.80
34.00,269,574.84,0.00,16.78,0.00,0.02,360.85,794.65
34.00,270,561.83,1.00,17.10,0.00,0.13,320.00,807.59
34.00,202,546.50,2.00,17.61,0.00,-0.13,258.27,807.19
34.00,200,541.81,0.00,16.83,0.00,-0.15,277.43,765.55
34.00,201,528.54,1.00,16.91,0.00,0.14,234.12,767.13
34.00,203,507.46,0.00,16.92,0.00,0.01,201.78,713.44
34.00,205,505.75,2.00,17.63,0.00,-0.10,166.75,743.44
34.00,204,494.51,1.00,16.82,0.00,0.16,160.32,704.05
34.00,208,472.67,2.00,17.47,0.00,-0.06,103.24,665.75
34.00,206,472.29,0.00,17.01,0.00,0.05,141.80,641.00
34.00,207,459.46,1.00,17.07,0.00,0.12,104.64,620.77
34.00,211,440.51,2.00,17.42,0.00,0.07,62.84,576.88
34.00,209,438.11,0.00,16.78,0.00,-0.04,104.88,557.56
34.00,210,425.22,1.00,16.88,0.00,0.04,74.45,527.92
34.00,214,406.16,2.00,17.37,0.00,-0.07,45.82,461.83
34.00,212,404.89,0.00,16.58,0.00,0.03,91.68,469.82
34.00,213,390.83,1.00,16.63,0.00,0.20,70.31,430.02
34.00,215,372.47,0.00,16.32,0.00,0.07,101.24,383.79
34.00,217,365.84,2.00,17.46,0.00,-0.17,62.23,352.80
34.00,216,358.60,1.00,16.25,0.00,0.23,90.47,340.45
34.00,218,341.01,0.00,16.15,0.00,-0.02,131.16,305.25
34.00,220,332.80,2.00,17.67,0.00,0.00,103.63,261.30
34.00,219,326.63,1.00,16.06,0.00,-0.00,132.25,259.38
34.00,221,309.98,0.00,16.16,0.00,0.02,178.82,237.30
34.00,223,299.65,2.00,17.50,0.00,-0.08,167.44,183.60
34.00,222,295.91,1.00,16.00,0.00,-0.15,190.38,193.69
34.00,224,278.58,0.00,16.34,0.00,-0.02,242.50,182.44
34.00,225,265.22,1.00,16.16,0.00,0.01,262.66,143.96
34.00,226,264.59,2.00,17.41,0.00,0.08,265.37,117.04
34.00,227,246.60,0.00,16.50,0.00,0.04,319.23,144.48
34.00,228,233.91,1.00,16.23,0.00,-0.18,346.50,112.75
34.00,229,224.37,2.00,17.18,0.00,-0.12,370.30,84.76
34.00,230,214.14,0.00,16.67,0.00,-0.15,404.34,126.92
34.00,231,202.41,1.00,16.38,0.00,-0.18,436.03,103.13
34.00,232,191.56,2.00,17.03,0.00,0.07,469.78,82.29
34.00,233,181.55,0.00,16.75,0.00,-0.02,491.40,131.70
34.00,234,169.60,1.00,16.75,0.00,-0.09,528.89,117.04
34.00,235,159.91,2.00,16.98,0.00,0.12,563.31,104.27
34.00,236,148.95,0.00,16.80,0.00,0.06,574.34,158.61
34.00,237,136.26,1.00,16.79,0.00,0.17,616.11,155.10
34.00,238,126.27,2.00,16.81,0.00,0.15,663.14,159.53
34.00,239,115.25,0.00,16.85,0.00,-0.06,649.87,207.76
34.00,240,103.27,1.00,16.80,0.00,-0.09,689.69,213.96
34.00,241,87.71,2.00,16.75,0.00,-0.03,736.81,234.17
34.00,242,81.65,0.00,16.86,0.00,-0.04,709.57,274.90
34.00,243,70.01,1.00,16.88,0.00,-0.06,745.90,290.56
34.00,244,56.57,2.00,16.72,0.00,-0.16,783.66,316.32
34.00,245,48.64,0.00,16.79,0.00,-0.00,748.93,353.84
34.00,246,35.72,1.00,16.80,0.00,0.17,780.82,381.91
34.00,247,25.49,2.00,16.83,0.00,0.08,808.96,407.32
34.00,248,15.38,0.00,16.87,0.00,0.08,766.57,441.05
34.00,249,2.01,1.00,16.69,0.00,-0.11,789.98,477.65
35.00,251,791.51,0.00,16.90,0.00,-0.16,766.81,482.74
35.00,252,777.92,1.00,16.68,0.00,0.04,785.43,522.55
35.00,253,772.62,2.00,16.76,0.00,-0.01,805.06,542.19
35.00,254,757.73,0.00,17.10,0.00,0.01,749.72,571.52
35.00,255,745.23,1.00,16.66,0.00,0.03,758.47,611.88
35.00,256,741.69,2.00,16.76,0.00,0.09,774.77,631.10
35.00,257,724.17,0.00,17.17,0.00,0.13,710.06,652.04
35.00,258,713.09,1.00,16.71,0.00,0.01,710.44,690.14
35.00,259,711.78,2.00,16.67,0.00,-0.05,725.79,707.57
35.00,260,690.44,0.00,17.02,0.00,0.19,650.36,719.50
35.00,261,680.14,1.00,16.82,0.00,-0.02,642.32,755.12
35.00,262,679.65,2.00,16.70,0.00,-0.13,644.72,781.45
35.00,263,657.28,0.00,16.81,0.00,-0.07,576.34,768.11
35.00,264,646.58,1.00,16.95,0.00,-0.08,558.09,800.90
35.00,265,641.63,2.00,16.92,0.00,-0.29,552.08,827.39
35.00,266,624.03,0.00,16.78,0.00,0.12,491.91,795.88
35.00,267,612.79,1.00,17.11,0.00,-0.00,464.10,822.93
35.00,268,607.10,2.00,17.29,0.00,-0.20,436.71,847.44
35.00,269,591.64,0.00,16.83,0.00,0.10,405.42,800.84
35.00,270,578.93,1.00,17.07,0.00,-0.07,367.53,819.24
35.00,202,564.08,2.00,17.57,0.00,-0.04,307.72,827.67
35.00,200,558.66,0.00,16.87,0.00,0.08,319.01,783.12
35.00,201,545.45,1.00,16.93,0.00,-0.06,276.44,790.53
35.00,203,524.39,0.00,16.96,0.00,0.10,237.25,741.68
35.00,205,523.40,2.00,17.70,0.00,0.08,208.34,777.36
35.00,204,511.35,1.00,16.83,0.00,-0.07,194.71,737.76
35.00,208,490.17,2.00,17.55,0.00,0.08,134.32,708.95
35.00,206,489.30,0.00,17.01,0.00,-0.00,168.26,678.10
35.00,207,476.52,1.00,17.05,0.00,-0.14,128.80,663.19
35.00,211,457.92,2.00,17.43,0.00,0.08,81.91,626.31
35.00,209,454.96,0.00,16.89,0.00,0.08,120.25,599.95
35.00,210,442.09,1.00,16.89,0.00,-0.00,86.19,574.75
35.00,214,423.52,2.00,17.35,0.00,-0.13,49.18,514.57
35.00,212,421.52,0.00,16.65,0.00,-0.01,95.40,514.19
35.00,213,407.52,1.00,16.74,0.00,0.22,68.98,477.67
35.00,215,388.78,0.00,16.32,0.00,-0.06,93.65,426.84
35.00,217,383.33,2.00,17.52,0.00,-0.06,50.40,404.67
35.00,216,374.88,1.00,16.31,0.00,0.09,77.41,385.10
35.00,218,357.17,0.00,16.17,0.00,-0.05,113.33,344.69
35.00,220,350.46,2.00,17.67,0.00,-0.09,78.53,308.80
35.00,219,342.68,1.00,16.05,0.00,-0.07,108.69,298.78
35.00,221,326.11,0.00,16.15,0.00,0.05,151.94,271.17
35.00,223,317.20,2.00,17.58,0.00,0.02,131.09,222.66
35.00,222,311.90,1.00,16.00,0.00,0.09,158.10,226.14
35.00,224,294.91,0.00,16.27,0.00,-0.17,207.68,208.98
35.00,226,282.06,2.00,17.50,0.00,-0.10,219.08,143.01
35.00,225,281.37,1.00,16.11,0.00,-0.19,223.13,167.92
35.00,227,263.05,0.00,16.41,0.00,0.03,278.56,161.56
35.00,228,250.12,1.00,16.17,0.00,-0.13,302.12,126.30
35.00,229,241.57,2.00,17.26,0.00,0.19,319.28,96.34
35.00,230,230.76,0.00,16.55,0.00,-0.18,360.18,133.16
35.00,231,218.76,1.00,16.32,0.00,0.11,389.26,105.32
35.00,232,208.65,2.00,17.11,0.00,-0.04,417.87,80.35
35.00,233,198.29,0.00,16.74,0.00,0.03,446.84,126.43
35.00,234,186.26,1.00,16.60,0.00,-0.10,482.20,106.95
35.00,235,176.87,2.00,16.99,0.00,0.10,513.87,89.57
35.00,236,165.74,0.00,16.81,0.00,0.03,532.49,142.07
35.00,237,153.07,1.00,16.81,0.00,-0.15,573.41,133.03
35.00,238,143.06,2.00,16.77,0.00,-0.07,620.63,131.18
35.00,239,132.12,0.00,16.86,0.00,-0.13,613.72,180.64
35.00,240,120.08,1.00,16.80,0.00,0.04,654.14,181.57
35.00,241,104.45,2.00,16.77,0.00,0.04,703.69,195.49
35.00,242,98.52,0.00,16.87,0.00,-0.10,681.84,239.20
35.00,243,86.90,1.00,16.89,0.00,0.08,719.89,249.80
35.00,244,73.30,2.00,16.73,0.00,-0.03,761.01,270.73
35.00,245,65.45,0.00,16.85,0.00,0.16,731.48,312.36
35.00,246,52.52,1.00,16.81,0.00,0.01,766.82,335.95
35.00,247,42.30,2.00,16.81,0.00,-0.12,798.07,357.35
35.00,248,32.23,0.00,16.86,0.00,0.10,760.52,396.29
35.00,249,18.73,1.00,16.73,0.00,-0.02,788.64,429.86
35.00,250,11.02,2.00,16.73,0.00,-0.13,812.94,451.14
36.00,253,789.38,2.00,16.79,0.00,0.08,812.14,491.68
36.00,254,774.84,0.00,17.12,0.00,-0.06,761.35,527.18
36.00,255,761.90,1.00,16.66,0.00,-0.04,775.12,567.20
36.00,256,758.48,2.00,16.81,0.00,-0.03,793.92,583.79
36.00,257,741.33,0.00,17.13,0.00,-0.07,733.02,612.19
36.00,258,729.78,1.00,16.64,0.00,-0.09,737.88,651.02
36.00,259,728.46,2.00,16.68,0.00,0.03,755.35,666.34
36.00,260,707.50,0.00,17.10,0.00,0.05,682.81,687.38
36.00,261,696.93,1.00,16.77,0.00,-0.12,679.16,724.24
36.00,262,696.35,2.00,16.69,0.00,-0.12,684.81,750.21
36.00,263,674.12,0.00,16.90,0.00,0.11,615.54,745.84
36.00,264,663.52,1.00,16.92,0.00,-0.08,602.12,780.61
36.00,265,658.50,2.00,16.80,0.00,-0.14,599.57,807.74
36.00,266,640.84,0.00,16.79,0.00,-0.08,535.49,784.63
36.00,267,629.86,1.00,17.06,0.00,-0.02,512.31,814.96
36.00,268,624.36,2.00,17.24,0.00,-0.14,489.06,842.85
36.00,269,608.44,0.00,16.80,0.00,0.06,450.43,801.04
36.00,270,596.02,1.00,17.12,0.00,0.15,416.12,824.35
36.00,202,581.63,2.00,17.56,0.00,-0.02,359.41,841.05
36.00,200,575.53,0.00,16.87,0.00,-0.16,362.60,795.01
36.00,201,562.42,1.00,17.01,0.00,-0.08,321.66,808.11
36.00,203,541.33,0.00,16.91,0.00,-0.11,276.25,764.95
36.00,205,541.06,2.00,17.65,0.00,-0.04,254.35,805.20
36.00,204,528.22,1.00,16.93,0.00,0.19,233.36,766.63
36.00,208,507.75,2.00,17.65,0.00,0.12,171.23,747.58
36.00,206,506.32,0.00,17.02,0.00,0.05,199.49,711.33
36.00,207,493.58,1.00,17.04,0.00,0.03,158.47,701.96
36.00,211,475.37,2.00,17.49,0.00,0.12,107.66,672.72
36.00,209,471.84,0.00,16.87,0.00,-0.08,141.20,640.03
36.00,210,459.01,1.00,16.94,0.00,-0.00,104.12,619.68
36.00,214,440.88,2.00,17.40,0.00,0.13,59.75,566.31
36.00,212,438.23,0.00,16.78,0.00,0.12,104.97,557.86
36.00,213,424.31,1.00,16.82,0.00,0.07,74.01,525.40
36.00,215,405.18,0.00,16.43,0.00,-0.01,91.69,470.69
36.00,217,400.82,2.00,17.49,0.00,-0.06,45.86,457.70
36.00,216,391.24,1.00,16.40,0.00,0.04,70.19,431.29
36.00,218,373.33,0.00,16.19,0.00,0.16,100.68,386.12
36.00,220,368.06,2.00,17.58,0.00,-0.03,60.34,359.25
36.00,219,358.73,1.00,16.11,0.00,0.23,90.32,340.87
36.00,221,342.25,0.00,16.11,0.00,-0.11,129.60,308.22
36.00,223,334.82,2.00,17.66,0.00,0.13,100.42,266.56
36.00,222,327.90,1.00,16.01,0.00,0.13,130.18,262.42
36.00,224,311.17,0.00,16.22,0.00,-0.06,176.71,239.66
36.00,226,299.59,2.00,17.55,0.00,-0.14,176.64,175.26
36.00,225,297.48,1.00,16.13,0.00,-0.01,187.08,196.65
36.00,227,279.45,0.00,16.40,0.00,0.01,240.59,183.72
36.00,228,266.26,1.00,16.10,0.00,-0.11,260.00,145.36
36.00,229,258.89,2.00,17.34,0.00,-0.11,270.03,114.87
36.00,230,247.30,0.00,16.52,0.00,-0.12,317.49,145.08
36.00,231,235.10,1.00,16.32,0.00,-0.18,343.26,113.53
36.00,232,225.78,2.00,17.21,0.00,0.16,366.05,85.45
36.00,233,215.02,0.00,16.74,0.00,0.08,402.01,127.10
36.00,234,202.86,1.00,16.60,0.00,0.10,434.85,103.11
36.00,235,193.88,2.00,17.01,0.00,-0.14,462.76,81.62
36.00,236,182.51,0.00,16.71,0.00,-0.12,488.85,131.24
36.00,237,169.86,1.00,16.75,0.00,-0.08,528.18,116.84
36.00,238,159.89,2.00,16.84,0.00,-0.10,574.66,108.70
36.00,239,148.97,0.00,16.82,0.00,-0.09,574.30,158.59
36.00,240,136.87,1.00,16.79,0.00,0.06,614.64,154.22
36.00,241,121.21,2.00,16.74,0.00,-0.15,665.67,161.49
36.00,242,115.38,0.00,16.86,0.00,-0.13,649.62,207.54
36.00,243,103.82,1.00,16.95,0.00,0.03,688.65,212.88
36.00,244,90.04,2.00,16.77,0.00,-0.07,732.52,228.53
36.00,245,82.28,0.00,16.82,0.00,-0.02,708.60,273.48
36.00,246,69.32,1.00,16.83,0.00,0.09,746.82,292.25
36.00,247,59.10,2.00,16.82,0.00,0.02,780.64,309.28
36.00,248,49.06,0.00,16.82,0.00,0.04,748.56,352.79
36.00,249,35.51,1.00,16.79,0.00,-0.02,780.96,382.52
36.00,250,27.79,2.00,16.80,0.00,0.09,807.87,400.40
36.00,251,16.71,0.00,16.87,0.00,0.08,766.31,437.49
36.00,252,2.93,1.00,16.71,0.00,0.09,790.07,475.02
37.00,255,778.55,1.00,16.65,0.00,0.15,785.72,520.75
37.00,256,775.28,2.00,16.79,0.00,-0.18,806.63,534.27
37.00,257,758.45,0.00,17.14,0.00,0.03,750.32,569.69
37.00,258,746.42,1.00,16.61,0.00,-0.07,759.86,608.75
37.00,259,745.09,2.00,16.63,0.00,-0.02,779.18,621.67
37.00,260,724.58,0.00,17.09,0.00,-0.04,710.69,651.10
37.00,261,713.71,1.00,16.80,0.00,0.09,711.53,688.78
37.00,262,713.00,2.00,16.65,0.00,0.01,720.35,714.03
37.00,263,691.01,0.00,16.88,0.00,-0.04,651.55,718.46
37.00,264,680.42,1.00,16.90,0.00,-0.00,642.95,754.67
37.00,265,675.27,2.00,16.76,0.00,-0.12,643.75,782.10
37.00,266,657.59,0.00,16.74,0.00,0.03,577.13,767.73
37.00,267,646.94,1.00,17.09,0.00,-0.00,558.97,800.56
37.00,268,641.57,2.00,17.19,0.00,-0.07,540.15,831.20
37.00,269,625.21,0.00,16.72,0.00,-0.07,495.02,795.28
37.00,270,613.13,1.00,17.10,0.00,-0.13,465.06,822.84
37.00,202,599.15,2.00,17.48,0.00,-0.12,412.42,847.13
37.00,200,592.38,0.00,16.83,0.00,-0.15,407.37,800.97
37.00,201,579.46,1.00,17.04,0.00,0.04,369.05,819.50
37.00,205,558.68,2.00,17.59,0.00,-0.21,303.65,826.29
37.00,203,558.24,0.00,16.90,0.00,-0.07,317.91,782.74
37.00,204,545.16,1.00,16.95,0.00,0.00,275.69,790.18
37.00,208,525.43,2.00,17.70,0.00,-0.09,213.41,780.88
37.00,206,523.35,0.00,17.01,0.00,-0.10,234.94,740.06
37.00,207,510.64,1.00,17.09,0.00,0.16,193.07,736.35
37.00,211,492.88,2.00,17.55,0.00,0.04,139.66,715.25
37.00,209,488.76,0.00,16.94,0.00,0.02,167.36,677.00
37.00,210,475.95,1.00,16.97,0.00,0.10,127.93,661.87
37.00,214,458.31,2.00,17.45,0.00,-0.06,77.39,616.26
37.00,212,455.04,0.00,16.84,0.00,0.14,120.34,600.16
37.00,213,441.17,1.00,16.89,0.00,-0.04,85.39,572.23
37.00,215,421.63,0.00,16.49,0.00,0.08,95.45,514.58
37.00,217,418.29,2.00,17.49,0.00,0.08,48.69,510.79
37.00,216,407.69,1.00,16.52,0.00,0.13,69.01,478.27
37.00,218,389.54,0.00,16.19,0.00,-0.02,93.43,428.93
37.00,220,385.64,2.00,17.59,0.00,0.09,49.39,411.57
37.00,219,374.91,1.00,16.21,0.00,-0.02,77.38,385.25
37.00,221,358.38,0.00,16.15,0.00,0.10,112.19,347.75
37.00,223,352.47,2.00,17.67,0.00,0.09,76.09,314.44
37.00,222,343.92,1.00,16.02,0.00,-0.03,107.07,301.97
37.00,224,327.39,0.00,16.21,0.00,-0.02,150.02,273.96
37.00,226,317.11,2.00,17.55,0.00,0.13,139.07,213.11
37.00,225,313.60,1.00,16.11,0.00,-0.09,154.96,229.77
37.00,227,295.83,0.00,16.34,0.00,-0.15,205.85,210.58
37.00,228,282.36,1.00,16.09,0.00,-0.08,220.79,169.56
37.00,229,276.27,2.00,17.46,0.00,0.13,223.61,140.08
37.00,230,263.80,0.00,16.51,0.00,-0.05,276.81,162.44
37.00,231,251.38,1.00,16.27,0.00,0.02,298.78,127.58
37.00,232,243.05,2.00,17.32,0.00,0.01,315.02,97.64
37.00,233,231.71,0.00,16.68,0.00,0.05,357.75,133.68
37.00,234,219.45,1.00,16.57,0.00,-0.00,387.45,105.53
37.00,235,210.91,2.00,17.08,0.00,0.17,410.98,80.62
37.00,236,199.21,0.00,16.72,0.00,0.01,444.36,126.31
37.00,237,186.58,1.00,16.71,0.00,0.03,481.36,106.83
37.00,238,176.79,2.00,16.91,0.00,-0.11,525.92,92.49
37.00,239,165.78,0.00,16.79,0.00,0.02,532.39,142.03
37.00,240,153.67,1.00,16.81,0.00,-0.12,571.84,132.35
37.00,241,137.96,2.00,16.77,0.00,0.11,623.51,132.85
37.00,242,132.24,0.00,16.85,0.00,-0.07,613.45,180.46
37.00,243,120.77,1.00,16.96,0.00,0.02,652.66,180.40
37.00,244,106.80,2.00,16.78,0.00,0.03,698.64,190.43
37.00,245,99.12,0.00,16.84,0.00,-0.08,680.76,238.00
37.00,246,86.18,1.00,16.90,0.00,0.09,721.11,251.47
37.00,247,75.95,2.00,16.85,0.00,-0.09,756.91,263.87
37.00,248,65.90,0.00,16.82,0.00,-0.01,730.92,311.26
37.00,249,52.32,1.00,16.84,0.00,0.01,767.02,336.50
37.00,250,44.61,2.00,16.85,0.00,0.11,796.07,350.63
37.00,251,33.57,0.00,16.85,0.00,-0.10,759.78,392.79
37.00,252,19.63,1.00,16.69,0.00,0.01,788.38,427.27
37.00,253,14.45,2.00,16.76,0.00,0.05,812.45,440.70
37.00,254,0.26,0.00,17.06,0.00,-0.14,766.87,481.66
38.00,257,775.56,0.00,17.08,0.00,-0.07,761.71,525.26
38.00,258,763.01,1.00,16.61,0.00,0.05,776.03,564.10
38.00,259,761.73,2.00,16.64,0.00,-0.15,796.92,574.24
38.00,260,741.69,0.00,17.15,0.00,0.14,733.45,611.31
38.00,261,730.45,1.00,16.70,0.00,-0.03,738.86,649.40
38.00,10,724.70,2.00,8.49,0.00,0.25,745.14,681.92
38.00,263,707.92,0.00,16.91,0.00,-0.00,683.61,686.47
38.00,264,697.28,1.00,16.83,0.00,-0.04,679.87,723.56
38.00,265,691.32,2.00,14.53,0.00,-3.39,683.31,751.54
38.00,266,674.34,0.00,16.76,0.00,0.07,616.09,745.48
38.00,267,664.02,1.00,17.09,0.00,0.10,603.30,779.97
38.00,268,658.73,2.00,17.02,0.00,-0.72,589.07,812.74
38.00,269,641.90,0.00,16.71,0.00,0.01,538.25,783.71
38.00,270,630.29,1.00,17.22,0.00,0.13,513.43,814.70
38.00,202,616.61,2.00,17.43,0.00,-0.18,465.54,845.81
38.00,200,609.20,0.00,16.83,0.00,0.06,452.45,800.91
38.00,201,596.50,1.00,17.05,0.00,-0.01,417.54,824.40
38.00,205,576.27,2.00,17.58,0.00,-0.11,355.33,840.27
38.00,203,575.17,0.00,16.93,0.00,-0.03,361.63,794.81
38.00,204,562.15,1.00,17.01,0.00,-0.05,320.92,807.88
38.00,208,543.10,2.00,17.68,0.00,0.04,259.86,807.98
38.00,206,540.37,0.00,17.04,0.00,0.09,273.90,763.74
38.00,207,527.73,1.00,17.07,0.00,-0.08,232.08,765.81
38.00,211,510.43,2.00,17.53,0.00,-0.12,177.36,753.04
38.00,209,505.73,0.00,17.03,0.00,0.19,198.34,710.26
38.00,210,492.95,1.00,17.06,0.00,0.10,157.27,700.59
38.00,214,475.74,2.00,17.45,0.00,-0.03,101.78,663.37
38.00,212,471.92,0.00,16.96,0.00,0.18,141.30,640.18
38.00,213,458.06,1.00,16.89,0.00,-0.05,102.96,617.24
38.00,215,438.18,0.00,16.58,0.00,-0.02,104.96,557.84
38.00,217,435.78,2.00,17.45,0.00,-0.12,58.86,563.03
38.00,216,424.22,1.00,16.60,0.00,0.22,73.99,525.28
38.00,218,405.81,0.00,16.34,0.00,0.11,91.73,472.42
38.00,220,403.25,2.00,17.60,0.00,-0.19,45.81,465.03
38.00,219,391.17,1.00,16.32,0.00,0.15,70.20,431.16
38.00,221,374.57,0.00,16.23,0.00,0.04,99.94,389.33
38.00,223,370.13,2.00,17.69,0.00,0.11,58.69,365.26
38.00,222,359.94,1.00,16.00,0.00,-0.07,89.15,344.16
38.00,224,343.57,0.00,16.13,0.00,-0.10,127.99,311.35
38.00,226,334.67,2.00,17.59,0.00,0.05,107.07,255.86
38.00,225,329.69,1.00,16.02,0.00,-0.17,127.37,266.65
38.00,227,312.16,0.00,16.29,0.00,-0.08,174.98,241.63
38.00,228,298.48,1.00,16.11,0.00,-0.05,184.96,198.58
38.00,229,293.74,2.00,17.48,0.00,0.06,180.87,171.62
38.00,230,280.29,0.00,16.44,0.00,-0.11,238.75,184.96
38.00,231,267.61,1.00,16.16,0.00,-0.12,256.62,147.18
38.00,232,260.41,2.00,17.37,0.00,-0.09,265.86,116.81
38.00,233,248.39,0.00,16.65,0.00,-0.01,314.80,146.04
38.00,234,236.01,1.00,16.55,0.00,-0.04,340.84,114.13
38.00,235,228.04,2.00,17.20,0.00,0.07,359.27,86.65
38.00,236,215.91,0.00,16.70,0.00,0.08,399.60,127.30
38.00,237,203.26,1.00,16.65,0.00,0.02,433.75,103.10
38.00,238,193.71,2.00,16.96,0.00,-0.01,475.36,82.92
38.00,239,182.55,0.00,16.73,0.00,-0.12,488.74,131.22
38.00,240,170.47,1.00,16.77,0.00,-0.12,526.50,116.37
38.00,241,154.78,2.00,16.84,0.00,-0.02,577.79,109.99
38.00,242,149.07,0.00,16.82,0.00,-0.07,574.06,158.48
38.00,243,137.70,1.00,16.88,0.00,-0.11,612.65,153.04
38.00,244,123.61,2.00,16.86,0.00,0.11,659.92,157.09
38.00,245,115.98,0.00,16.87,0.00,-0.06,648.40,206.50
38.00,246,103.08,1.00,16.87,0.00,-0.10,690.09,214.38
38.00,247,92.81,2.00,16.87,0.00,0.06,727.32,221.98
38.00,248,82.72,0.00,16.83,0.00,0.06,707.94,272.50
38.00,249,69.19,1.00,16.91,0.00,0.14,747.02,292.61
38.00,250,61.47,2.00,16.89,0.00,-0.02,777.69,302.75
38.00,251,50.43,0.00,16.88,0.00,0.02,747.35,349.36
38.00,252,36.38,1.00,16.78,0.00,0.10,780.38,380.07
38.00,253,31.21,2.00,16.73,0.00,-0.06,806.00,390.12
38.00,254,17.31,0.00,17.00,0.00,-0.13,766.19,435.98
38.00,255,3.55,1.00,16.72,0.00,0.17,790.12,473.26
38.00,256,0.43,2.00,16.88,0.00,0.01,812.65,483.45
39.00,258,779.64,1.00,16.61,0.00,-0.12,786.21,517.65
39.00,259,778.37,2.00,16.64,0.00,0.00,808.26,524.89
39.00,260,758.87,0.00,17.20,0.00,0.05,750.66,568.67
39.00,261,747.11,1.00,16.62,0.00,-0.10,760.64,606.96
39.00,10,733.31,2.00,8.78,0.00,0.34,759.22,659.99
39.00,263,724.88,0.00,17.00,0.00,0.05,711.17,650.39
39.00,264,714.12,1.00,16.82,0.00,-0.01,712.24,687.89
39.00,265,704.48,2.00,12.37,0.00,0.00,712.94,722.39
39.00,266,691.13,0.00,16.80,0.00,-0.01,651.83,718.22
39.00,267,681.02,1.00,16.40,0.00,-3.16,644.40,753.59
39.00,268,675.18,2.00,15.76,0.00,-1.64,633.73,788.62
39.00,269,658.62,0.00,16.74,0.00,0.14,579.61,766.51
39.00,270,647.50,1.00,17.18,0.00,-0.09,560.43,799.99
39.00,202,634.00,2.00,17.31,0.00,-0.27,517.82,837.20
39.00,200,626.02,0.00,16.81,0.00,-0.13,497.12,794.85
39.00,201,613.55,1.00,17.06,0.00,0.01,466.30,822.72
39.00,205,593.82,2.00,17.53,0.00,-0.04,408.32,846.92
39.00,203,592.08,0.00,16.92,0.00,-0.05,406.52,800.91
39.00,204,579.22,1.00,17.10,0.00,0.05,368.33,819.38
39.00,208,560.75,2.00,17.65,0.00,-0.06,309.61,828.30
39.00,206,557.43,0.00,17.08,0.00,0.06,315.80,781.99
39.00,207,544.80,1.00,17.09,0.00,0.07,274.67,789.70
39.00,211,527.98,2.00,17.62,0.00,0.08,219.93,785.22
39.00,209,522.76,0.00,17.02,0.00,-0.03,233.65,739.15
39.00,210,510.01,1.00,17.08,0.00,0.18,191.71,735.16
39.00,214,493.19,2.00,17.44,0.00,-0.10,132.45,706.69
39.00,212,488.89,0.00,16.98,0.00,-0.01,167.56,677.26
39.00,213,474.99,1.00,16.97,0.00,0.10,126.43,659.57
39.00,215,454.80,0.00,16.66,0.00,0.14,120.12,599.66
39.00,217,453.21,2.00,17.45,0.00,0.07,76.08,613.20
39.00,216,440.86,1.00,16.68,0.00,-0.05,85.16,571.50
39.00,218,422.16,0.00,16.40,0.00,0.15,95.68,516.02
39.00,220,420.86,2.00,17.59,0.00,-0.10,49.72,518.46
39.00,219,407.53,1.00,16.37,0.00,-0.05,68.99,477.89
39.00,221,390.84,0.00,16.29,0.00,0.13,93.09,432.35
39.00,223,387.80,2.00,17.66,0.00,-0.11,48.55,418.04
39.00,222,375.92,1.00,15.97,0.00,-0.03,76.73,388.20
39.00,224,359.70,0.00,16.13,0.00,-0.05,110.98,351.11
39.00,226,352.27,2.00,17.62,0.00,0.04,81.26,302.77
39.00,225,345.67,1.00,15.98,0.00,0.06,104.83,306.50
39.00,227,328.47,0.00,16.29,0.00,-0.04,148.43,276.33
39.00,228,314.55,1.00,16.08,0.00,0.12,153.19,231.86
39.00,229,311.25,2.00,17.56,0.00,0.01,142.81,208.84
39.00,230,296.74,0.00,16.43,0.00,-0.15,204.07,212.17
39.00,231,283.75,1.00,16.14,0.00,0.04,217.59,171.86
39.00,232,277.80,2.00,17.41,0.00,-0.12,219.69,142.61
39.00,233,265.03,0.00,16.63,0.00,0.05,273.93,163.92
39.00,234,252.53,1.00,16.47,0.00,-0.12,295.84,128.74
39.00,235,245.29,2.00,17.33,0.00,0.12,308.52,99.73
39.00,236,232.60,0.00,16.65,0.00,-0.11,355.42,134.20
39.00,237,219.89,1.00,16.63,0.00,-0.05,386.22,105.68
39.00,238,210.68,2.00,17.05,0.00,0.12,423.82,80.21
39.00,239,199.25,0.00,16.68,0.00,-0.09,444.25,126.30
39.00,240,187.24,1.00,16.81,0.00,0.11,479.53,106.56
39.00,241,171.65,2.00,16.90,0.00,0.12,529.26,93.37
39.00,242,165.90,0.00,16.79,0.00,-0.15,532.08,141.94
39.00,243,154.56,1.00,16.86,0.00,-0.01,569.53,131.37
39.00,244,140.47,2.00,16.90,0.00,0.04,616.96,129.09
39.00,245,132.83,0.00,16.82,0.00,-0.13,612.11,179.60
39.00,246,119.94,1.00,16.88,0.00,0.13,654.47,181.83
39.00,247,109.69,2.00,16.94,0.00,0.07,692.36,184.38
39.00,248,99.60,0.00,16.90,0.00,-0.04,679.92,237.06
39.00,249,86.07,1.00,16.90,0.00,0.10,721.29,251.72
39.00,250,78.38,2.00,16.92,0.00,-0.13,753.02,257.63
39.00,251,67.27,0.00,16.85,0.00,0.16,729.26,308.01
39.00,252,53.17,1.00,16.79,0.00,0.03,766.15,334.22
39.00,253,47.91,2.00,16.71,0.00,0.06,792.94,340.97
39.00,254,34.28,0.00,16.96,0.00,-0.00,759.39,390.97
39.00,255,20.27,1.00,16.71,0.00,-0.07,788.19,425.46
39.00,256,17.26,2.00,16.83,0.00,0.04,811.84,432.21
39.00,257,0.97,0.00,17.11,0.00,0.13,766.96,479.79
40.00,260,776.06,0.00,17.19,0.00,-0.02,761.93,524.02
40.00,261,763.75,1.00,16.63,0.00,-0.15,776.60,562.10
40.00,10,742.24,2.00,9.08,0.00,0.23,772.18,636.33
40.00,263,741.91,0.00,17.08,0.00,0.17,733.72,610.75
40.00,264,730.89,1.00,16.72,0.00,-0.16,739.49,648.34
40.00,265,716.95,1.92,12.58,-0.02,0.35,735.57,692.11
40.00,266,707.97,0.00,16.87,0.00,-0.07,683.71,686.36
40.00,267,696.25,1.00,14.53,0.00,-0.06,678.69,724.69
40.00,268,690.52,2.00,14.95,0.00,-0.74,672.09,761.06
40.00,269,675.29,0.00,16.22,0.00,-2.33,618.33,743.98
40.00,270,664.53,1.00,16.73,0.00,-0.87,604.71,779.18
40.00,202,651.04,2.00,16.73,0.00,-0.74,567.65,821.76
40.00,200,642.83,0.00,16.80,0.00,0.11,540.55,782.92
40.00,201,630.63,1.00,17.10,0.00,-0.04,514.43,814.45
40.00,205,611.34,2.00,17.48,0.00,-0.32,461.65,846.15
40.00,203,608.99,0.00,16.89,0.00,-0.04,451.86,800.95
40.00,204,596.33,1.00,17.14,0.00,0.18,417.00,824.38
40.00,208,578.38,2.00,17.62,0.00,-0.04,361.61,841.45
40.00,206,574.49,0.00,17.02,0.00,-0.05,359.79,794.43
40.00,207,561.93,1.00,17.16,0.00,0.10,320.24,807.66
40.00,211,545.63,2.00,17.70,0.00,0.04,266.82,811.32
40.00,209,539.79,0.00,17.03,0.00,0.05,272.52,763.02
40.00,210,527.08,1.00,17.08,0.00,-0.03,230.54,764.79
40.00,214,510.66,2.00,17.48,0.00,-0.10,168.84,745.39
40.00,212,505.87,0.00,16.99,0.00,-0.04,198.61,710.51
40.00,213,491.98,1.00,17.01,0.00,0.02,155.48,698.51
40.00,215,471.52,0.00,16.82,0.00,0.19,140.78,639.34
40.00,217,470.63,2.00,17.40,0.00,-0.14,100.04,660.49
40.00,216,457.61,1.00,16.79,0.00,0.13,102.44,616.13
40.00,218,438.58,0.00,16.47,0.00,0.22,105.28,558.93
40.00,220,438.44,2.00,17.59,0.00,0.02,61.01,570.74
40.00,219,423.94,1.00,16.42,0.00,0.02,73.87,524.57
40.00,221,407.12,0.00,16.28,0.00,0.03,91.84,475.95
40.00,223,405.49,2.00,17.72,0.00,-0.01,45.89,471.78
40.00,222,391.91,1.00,16.02,0.00,0.09,70.00,433.43
40.00,224,375.84,0.00,16.14,0.00,0.13,99.19,392.71
40.00,226,369.92,2.00,17.68,0.00,-0.14,62.19,352.92
40.00,225,361.61,1.00,15.91,0.00,0.04,87.57,348.74
40.00,227,344.75,0.00,16.30,0.00,0.05,126.62,314.10
40.00,228,330.61,1.00,16.02,0.00,-0.15,125.93,268.88
40.00,229,328.83,2.00,17.62,0.00,0.02,110.15,251.16
40.00,230,313.18,0.00,16.43,0.00,0.09,173.24,243.63
40.00,231,299.89,1.00,16.15,0.00,0.08,182.03,201.32
40.00,232,295.24,2.00,17.48,0.00,0.10,177.40,174.60
40.00,233,281.64,0.00,16.61,0.00,0.03,235.85,186.97
40.00,234,268.92,1.00,16.35,0.00,-0.03,253.43,148.95
40.00,235,262.62,2.00,17.34,0.00,-0.06,259.76,119.75
40.00,236,249.25,0.00,16.66,0.00,-0.03,312.62,146.83
40.00,237,236.51,1.00,16.59,0.00,-0.12,339.47,114.48
40.00,238,227.77,2.00,17.12,0.00,0.03,372.07,84.49
40.00,239,215.93,0.00,16.68,0.00,-0.11,399.56,127.31
40.00,240,204.06,1.00,16.82,0.00,0.02,431.55,103.08
40.00,241,188.55,2.00,16.91,0.00,-0.06,478.83,83.36
40.00,242,182.69,0.00,16.80,0.00,0.10,488.41,131.16
40.00,243,171.43,1.00,16.86,0.00,-0.15,523.89,115.65
40.00,244,157.38,2.00,16.93,0.00,0.03,570.49,107.02
40.00,245,149.65,0.00,16.83,0.00,0.15,572.65,157.81
40.00,246,136.87,1.00,16.97,0.00,0.08,614.73,154.27
40.00,247,126.65,2.00,16.98,0.00,0.05,652.51,151.66
40.00,248,116.48,0.00,16.89,0.00,0.02,647.37,205.63
40.00,249,102.98,1.00,16.91,0.00,-0.12,690.31,214.60
40.00,250,95.33,2.00,16.93,0.00,-0.13,722.46,216.12
40.00,251,84.13,0.00,16.88,0.00,0.12,705.80,269.43
40.00,252,69.96,1.00,16.81,0.00,0.09,745.95,290.64
40.00,253,64.64,2.00,16.76,0.00,0.11,773.50,293.98
40.00,254,51.21,0.00,16.87,0.00,-0.14,746.64,347.41
40.00,255,36.96,1.00,16.66,0.00,-0.09,779.98,378.39
40.00,256,34.06,2.00,16.80,0.00,0.05,804.24,381.66
40.00,257,18.09,0.00,17.11,0.00,0.02,766.01,433.93
40.00,258,4.57,1.00,16.62,0.00,-0.00,790.18,470.30
40.00,259,3.36,2.00,16.73,0.00,0.06,813.01,473.80
41.00,261,780.40,1.00,16.62,0.00,-0.14,786.52,515.50
41.00,263,759.04,0.00,17.19,0.00,0.16,750.81,568.22
41.00,10,751.44,2.00,9.34,0.00,0.22,783.80,611.01
41.00,264,747.61,1.00,16.73,0.00,-0.04,761.19,605.69
41.00,265,729.67,1.60,12.86,-0.03,0.34,750.54,656.42
41.00,266,724.90,0.00,17.00,0.00,0.12,711.20,650.33
41.00,267,710.81,0.92,14.64,-0.01,0.16,705.66,693.09
41.00,268,705.07,2.00,14.19,0.00,-0.72,705.04,730.80
41.00,269,690.76,0.00,14.94,0.00,-0.83,651.81,718.23
41.00,270,681.10,1.00,16.40,0.00,-0.39,644.73,753.35
41.00,202,667.44,2.00,16.07,0.00,-0.72,613.28,800.61
41.00,200,659.51,0.00,16.48,0.00,-0.55,581.83,765.39
41.00,201,647.70,1.00,17.04,0.00,-0.05,561.04,799.76
41.00,205,628.71,2.00,17.24,0.00,-0.38,514.01,838.08
41.00,203,625.89,0.00,16.90,0.00,0.02,496.72,794.94
41.00,204,613.51,1.00,17.20,0.00,0.06,466.08,822.74
41.00,208,596.02,2.00,17.66,0.00,-0.06,414.95,847.23
41.00,206,591.52,0.00,17.05,0.00,-0.00,404.97,800.80
41.00,207,579.15,1.00,17.23,0.00,-0.10,368.05,819.33
41.00,211,563.30,2.00,17.66,0.00,0.00,317.00,830.65
41.00,209,556.82,0.00,17.03,0.00,0.03,314.27,781.44
41.00,210,544.17,1.00,17.10,0.00,-0.01,273.05,788.92
41.00,214,528.18,2.00,17.56,0.00,-0.14,210.35,778.78
41.00,212,522.88,0.00,17.01,0.00,-0.09,233.91,739.34
41.00,213,509.03,1.00,17.04,0.00,-0.03,189.62,733.31
41.00,215,488.36,0.00,16.87,0.00,0.15,166.72,676.22
41.00,217,488.05,2.00,17.49,0.00,0.13,130.26,703.99
41.00,216,474.43,1.00,16.84,0.00,0.04,125.59,658.27
41.00,220,455.99,2.00,17.57,0.00,0.05,79.43,620.89
41.00,218,455.10,0.00,16.61,0.00,0.20,120.47,600.44
41.00,219,440.41,1.00,16.52,0.00,0.05,84.80,570.35
41.00,221,423.38,0.00,16.29,0.00,0.17,96.21,519.32
41.00,223,423.20,2.00,17.71,0.00,-0.16,50.79,525.42
41.00,222,407.97,1.00,16.11,0.00,0.18,69.05,479.34
41.00,224,391.94,0.00,16.10,0.00,0.18,92.82,435.39
41.00,226,387.62,2.00,17.71,0.00,-0.06,50.29,405.41
41.00,225,377.53,1.00,15.92,0.00,-0.01,75.79,392.73
41.00,227,361.02,0.00,16.25,0.00,0.01,109.85,354.37
41.00,228,346.60,1.00,15.99,0.00,0.12,103.69,308.88
41.00,229,346.47,2.00,17.69,0.00,0.12,83.61,297.78
41.00,230,329.57,0.00,16.38,0.00,0.03,146.82,278.77
41.00,231,316.06,1.00,16.16,0.00,-0.04,150.47,235.14
41.00,232,312.71,2.00,17.48,0.00,-0.05,139.84,212.22
41.00,233,298.21,0.00,16.52,0.00,-0.13,201.19,214.78
41.00,234,285.22,1.00,16.27,0.00,0.06,214.26,174.31
41.00,235,280.01,2.00,17.42,0.00,0.10,214.07,146.35
41.00,236,265.90,0.00,16.65,0.00,0.03,271.88,164.99
41.00,237,253.09,1.00,16.57,0.00,-0.02,294.40,129.32
41.00,238,244.91,2.00,17.21,0.00,0.05,321.18,95.77
41.00,239,232.62,0.00,16.68,0.00,0.11,355.38,134.21
41.00,240,220.85,1.00,16.77,0.00,-0.09,383.57,106.01
41.00,241,205.46,2.00,16.94,0.00,0.04,427.49,80.17
41.00,242,199.44,0.00,16.72,0.00,-0.07,443.74,126.28
41.00,243,188.30,1.00,16.89,0.00,0.09,476.57,106.16
41.00,244,174.34,2.00,16.97,0.00,-0.19,521.38,91.34
41.00,245,166.45,0.00,16.81,0.00,0.13,530.68,141.49
41.00,246,153.86,1.00,17.01,0.00,-0.09,571.46,132.19
41.00,247,143.64,2.00,17.01,0.00,-0.04,608.55,124.52
41.00,248,133.37,0.00,16.87,0.00,-0.01,610.92,178.83
41.00,249,119.92,1.00,16.95,0.00,0.17,654.56,181.90
41.00,250,112.27,2.00,16.98,0.00,0.06,686.61,179.09
41.00,251,101.03,0.00,16.92,0.00,-0.00,677.33,234.24
41.00,252,86.76,1.00,16.84,0.00,0.12,720.11,250.10
41.00,253,81.40,2.00,16.82,0.00,0.11,747.94,249.86
41.00,254,68.07,0.00,16.85,0.00,-0.12,728.26,306.12
41.00,255,53.61,1.00,16.64,0.00,0.08,765.66,332.94
41.00,256,50.86,2.00,16.79,0.00,-0.16,789.99,332.57
41.00,257,35.21,0.00,17.12,0.00,0.08,758.86,388.62
41.00,258,21.19,1.00,16.64,0.00,0.09,787.90,422.80
41.00,259,20.08,2.00,16.72,0.00,-0.17,811.03,423.61
41.00,260,1.59,0.00,17.22,0.00,-0.05,767.03,478.19
42.00,263,776.22,0.00,17.18,0.00,0.05,762.01,523.58
42.00,264,764.35,1.00,16.75,0.00,0.13,777.05,560.50
42.00,10,760.94,2.00,9.68,0.00,0.40,793.81,584.10
42.00,265,742.69,1.18,13.16,-0.02,0.21,760.00,618.43
42.00,266,741.93,0.00,17.09,0.00,0.15,733.74,610.71
42.00,267,725.54,0.60,14.84,-0.03,0.23,724.20,655.36
42.00,268,718.88,2.00,13.45,0.00,-0.83,732.87,698.69
42.00,269,705.37,0.00,14.38,0.00,-0.27,679.96,690.57
42.00,270,697.38,1.00,16.16,0.00,-0.28,680.33,723.11
42.00,202,683.13,2.00,15.34,0.00,-0.73,654.05,774.91
42.00,200,675.76,0.00,15.98,0.00,-0.66,619.56,743.15
42.00,201,664.66,1.00,16.85,0.00,-0.27,605.01,779.02
42.00,205,645.77,2.00,16.87,0.00,-0.49,563.97,823.16
42.00,203,642.71,0.00,16.76,0.00,-0.21,540.27,783.01
42.00,204,630.74,1.00,17.24,0.00,0.02,514.66,814.40
42.00,208,613.64,2.00,17.58,0.00,-0.30,468.58,845.51
42.00,206,608.57,0.00,17.03,0.00,-0.18,450.64,801.03
42.00,207,596.36,1.00,17.20,0.00,0.03,417.07,824.39
42.00,211,580.96,2.00,17.66,0.00,0.01,369.33,842.76
42.00,209,573.83,0.00,16.97,0.00,-0.08,358.09,794.07
42.00,210,561.31,1.00,17.20,0.00,0.18,318.53,807.12
42.00,214,545.75,2.00,17.56,0.00,-0.15,256.25,806.17
42.00,212,539.91,0.00,17.03,0.00,-0.01,272.80,763.17
42.00,213,526.13,1.00,17.15,0.00,0.10,228.25,763.26
42.00,217,505.53,2.00,17.51,0.00,0.01,166.34,743.05
42.00,215,505.29,0.00,16.97,0.00,0.17,197.50,709.46
42.00,216,491.32,1.00,16.96,0.00,0.18,154.27,697.09
42.00,220,473.57,2.00,17.58,0.00,-0.03,104.67,668.04
42.00,218,471.76,0.00,16.71,0.00,0.04,141.13,639.92
42.00,219,456.97,1.00,16.59,0.00,0.15,101.72,614.57
42.00,223,440.88,2.00,17.65,0.00,-0.20,63.13,577.82
42.00,221,439.70,0.00,16.38,0.00,0.21,106.15,561.85
42.00,222,424.14,1.00,16.20,0.00,-0.01,73.99,525.27
42.00,224,408.07,0.00,16.19,0.00,0.17,91.94,478.57
42.00,226,405.36,2.00,17.75,0.00,-0.14,45.84,459.17
42.00,225,393.45,1.00,15.92,0.00,-0.10,69.65,437.88
42.00,227,377.23,0.00,16.18,0.00,-0.09,98.44,396.31
42.00,229,364.19,2.00,17.77,0.00,0.12,63.77,347.84
42.00,228,362.56,1.00,15.92,0.00,-0.02,86.72,351.31
42.00,230,345.93,0.00,16.34,0.00,-0.18,125.24,316.92
42.00,231,332.19,1.00,16.10,0.00,0.00,123.53,272.66
42.00,232,330.22,2.00,17.56,0.00,0.09,107.81,254.72
42.00,233,314.66,0.00,16.40,0.00,-0.18,170.66,246.67
42.00,234,301.47,1.00,16.22,0.00,-0.01,178.78,204.42
42.00,235,297.45,2.00,17.48,0.00,0.09,172.36,179.07
42.00,236,282.49,0.00,16.57,0.00,0.03,233.96,188.30
42.00,237,269.62,1.00,16.51,0.00,-0.02,251.77,149.88
42.00,238,262.16,2.00,17.30,0.00,0.08,272.01,113.97
42.00,239,249.33,0.00,16.72,0.00,-0.01,312.46,146.89
42.00,240,237.61,1.00,16.70,0.00,-0.19,336.51,115.26
42.00,241,222.45,2.00,17.02,0.00,-0.08,376.00,83.92
42.00,242,216.19,0.00,16.75,0.00,-0.11,398.91,127.37
42.00,243,205.21,1.00,16.90,0.00,-0.16,428.32,103.08
42.00,244,191.27,2.00,16.96,0.00,0.01,470.62,82.38
42.00,245,183.30,0.00,16.87,0.00,-0.04,486.83,130.88
42.00,246,170.90,1.00,17.06,0.00,0.02,525.47,116.08
42.00,247,160.63,2.00,16.99,0.00,-0.10,561.29,103.52
42.00,248,150.27,0.00,16.92,0.00,-0.01,571.18,157.13
42.00,249,136.88,1.00,16.98,0.00,0.02,614.71,154.26
42.00,250,129.25,2.00,17.03,0.00,0.08,646.06,147.14
42.00,251,117.93,0.00,16.88,0.00,-0.01,644.38,203.14
42.00,252,103.58,1.00,16.82,0.00,-0.00,689.07,213.32
42.00,253,98.24,2.00,16.88,0.00,0.12,716.62,209.37
42.00,254,84.91,0.00,16.81,0.00,-0.07,704.57,267.69
42.00,255,70.31,1.00,16.72,0.00,-0.06,745.44,289.72
42.00,256,67.66,2.00,16.81,0.00,-0.16,769.34,285.81
42.00,257,52.32,0.00,17.07,0.00,-0.22,745.64,344.71
42.00,258,37.84,1.00,16.70,0.00,0.15,779.38,375.96
42.00,259,36.85,2.00,16.80,0.00,-0.09,802.33,373.38
42.00,260,18.76,0.00,17.13,0.00,-0.08,765.85,432.15
42.00,261,5.34,1.00,16.61,0.00,-0.01,790.22,468.08
43.00,264,781.06,1.00,16.76,0.00,0.27,786.78,513.67
43.00,10,770.76,2.00,9.93,0.00,0.00,802.03,555.52
43.00,266,759.03,0.00,17.10,0.00,-0.02,750.81,568.21
43.00,265,756.00,1.00,13.47,-0.00,0.19,770.62,581.56
43.00,267,740.47,0.18,15.01,-0.02,0.16,736.21,615.06
43.00,268,732.02,2.00,12.86,0.00,-0.67,755.86,665.52
43.00,269,719.66,0.00,14.23,0.00,-0.22,704.07,660.69
43.00,270,713.43,1.00,15.97,0.00,-0.15,711.30,689.06
43.00,202,698.02,2.00,14.45,0.00,-0.91,689.56,745.90
43.00,200,691.50,0.00,15.49,0.00,-0.51,653.07,717.12
43.00,201,681.39,1.00,16.61,0.00,-0.31,645.29,752.93
43.00,205,662.34,2.00,16.26,0.00,-0.70,610.25,802.25
43.00,203,659.38,0.00,16.57,0.00,-0.15,581.48,765.57
43.00,204,647.93,1.00,17.14,0.00,-0.05,561.58,799.54
43.00,208,631.09,2.00,17.32,0.00,-0.39,521.02,836.42
43.00,206,625.60,0.00,17.00,0.00,-0.03,495.92,795.10
43.00,207,613.55,1.00,17.17,0.00,0.00,466.21,822.72
43.00,211,598.64,2.00,17.71,0.00,0.04,422.90,847.45
43.00,209,590.83,0.00,17.02,0.00,0.09,403.13,800.67
43.00,210,578.54,1.00,17.28,0.00,0.13,366.31,819.03
43.00,214,563.32,2.00,17.60,0.00,-0.03,305.49,826.92
43.00,212,556.97,0.00,17.07,0.00,-0.13,314.62,781.57
43.00,213,543.33,1.00,17.21,0.00,0.01,270.82,787.84
43.00,217,523.05,2.00,17.53,0.00,-0.00,207.56,776.81
43.00,215,522.27,0.00,17.00,0.00,0.08,232.58,738.39
43.00,216,508.34,1.00,17.05,0.00,0.03,188.15,732.00
43.00,220,491.12,2.00,17.51,0.00,-0.15,136.17,711.17
43.00,218,488.48,0.00,16.75,0.00,0.01,166.96,676.52
43.00,219,473.61,1.00,16.71,0.00,0.13,124.38,656.36
43.00,223,458.48,2.00,17.56,0.00,-0.12,82.60,627.77
43.00,221,456.08,0.00,16.41,0.00,0.12,121.58,602.93
43.00,222,440.42,1.00,16.35,0.00,0.23,84.84,570.49
43.00,224,424.32,0.00,16.27,0.00,-0.05,96.63,521.79
43.00,226,423.08,2.00,17.69,0.00,-0.18,48.98,513.02
43.00,225,409.40,1.00,15.99,0.00,0.14,69.25,483.50
43.00,227,393.38,0.00,16.16,0.00,0.11,92.52,439.21
43.00,229,381.97,2.00,17.77,0.00,-0.18,51.09,400.40
43.00,228,378.51,1.00,15.98,0.00,0.06,75.26,395.45
43.00,230,362.25,0.00,16.31,0.00,-0.06,108.80,357.48
43.00,231,348.26,1.00,16.03,0.00,-0.10,101.69,313.17
43.00,232,347.82,2.00,17.65,0.00,0.01,81.85,301.50
43.00,233,331.05,0.00,16.39,0.00,0.05,144.68,282.08
43.00,234,317.64,1.00,16.14,0.00,0.05,147.61,238.68
43.00,235,314.92,2.00,17.45,0.00,-0.09,135.48,217.33
43.00,236,299.06,0.00,16.56,0.00,0.09,199.51,216.33
43.00,237,286.09,1.00,16.45,0.00,-0.02,212.34,175.74
43.00,238,279.50,2.00,17.38,0.00,0.02,225.56,138.85
43.00,239,266.04,0.00,16.71,0.00,0.04,271.57,165.15
43.00,240,254.29,1.00,16.65,0.00,-0.22,291.27,130.60
43.00,241,239.53,2.00,17.13,0.00,-0.07,325.20,94.61
43.00,242,232.97,0.00,16.78,0.00,-0.06,354.51,134.40
43.00,243,222.06,1.00,16.83,0.00,-0.03,380.18,106.46
43.00,244,208.26,2.00,17.06,0.00,0.11,419.03,80.31
43.00,245,200.21,0.00,16.93,0.00,0.03,441.81,126.21
43.00,246,187.98,1.00,17.07,0.00,-0.16,477.61,106.30
43.00,247,177.64,2.00,17.01,0.00,-0.11,511.60,89.06
43.00,248,167.19,0.00,16.92,0.00,-0.13,528.85,140.92
43.00,249,153.87,1.00,17.02,0.00,-0.00,571.42,132.17
43.00,250,146.26,2.00,16.99,0.00,-0.13,601.45,120.87
43.00,251,134.80,0.00,16.87,0.00,0.01,607.65,176.78
43.00,252,120.44,1.00,16.87,0.00,0.08,653.36,180.95
43.00,253,115.13,2.00,16.91,0.00,0.09,680.06,173.30
43.00,254,101.76,0.00,16.89,0.00,0.15,675.98,232.78
43.00,255,87.02,1.00,16.72,0.00,0.05,719.64,249.46
43.00,256,84.48,2.00,16.84,0.00,0.12,742.63,242.16
43.00,257,69.36,0.00,17.01,0.00,-0.12,726.67,303.14
43.00,258,54.54,1.00,16.69,0.00,-0.05,764.70,330.51
43.00,259,53.65,2.00,16.78,0.00,-0.15,787.00,324.61
43.00,260,35.89,0.00,17.13,0.00,-0.07,758.45,386.84
43.00,261,21.96,1.00,16.66,0.00,0.16,787.64,420.61
43.00,263,1.73,0.00,17.22,0.00,0.11,767.05,477.81
44.00,10,780.81,2.00,10.23,0.00,0.42,808.13,525.70
44.00,266,776.16,0.00,17.14,0.00,-0.02,761.99,523.72
44.00,265,769.62,1.00,13.76,0.00,0.26,781.17,544.22
44.00,267,755.56,0.00,15.18,-0.00,0.18,748.27,576.08
44.00,268,744.58,2.00,12.29,0.00,-0.61,774.46,631.73
44.00,269,733.84,0.00,14.17,0.00,0.01,724.46,628.56
44.00,270,729.28,1.00,15.75,0.00,-0.23,737.41,651.80
44.00,202,712.09,2.00,13.69,0.00,-0.76,719.68,714.80
44.00,200,706.79,0.00,15.08,0.00,-0.51,682.25,688.01
44.00,201,697.90,1.00,16.43,0.00,-0.06,681.30,722.17
44.00,205,678.18,2.00,15.46,0.00,-0.84,651.64,776.64
44.00,203,675.78,0.00,16.26,0.00,-0.27,619.50,743.19
44.00,204,665.01,1.00,17.05,0.00,0.01,605.80,778.58
44.00,208,648.20,2.00,16.89,0.00,-0.47,570.88,820.50
44.00,206,642.57,0.00,16.93,0.00,-0.14,539.82,783.17
44.00,207,630.72,1.00,17.19,0.00,0.09,514.63,814.41
44.00,211,616.28,2.00,17.55,0.00,-0.27,476.58,844.60
44.00,209,607.87,0.00,17.02,0.00,-0.13,448.77,801.14
44.00,210,595.83,1.00,17.30,0.00,0.09,415.49,824.33
44.00,214,580.97,2.00,17.68,0.00,-0.08,357.34,840.66
44.00,212,574.06,0.00,17.08,0.00,0.04,358.64,794.18
44.00,213,560.55,1.00,17.26,0.00,0.09,316.43,806.43
44.00,217,540.64,2.00,17.63,0.00,-0.08,253.20,804.61
44.00,215,539.31,0.00,17.08,0.00,0.15,271.37,762.41
44.00,216,525.43,1.00,17.11,0.00,0.00,226.59,762.15
44.00,220,508.60,2.00,17.47,0.00,-0.11,173.22,749.37
44.00,218,505.24,0.00,16.77,0.00,-0.05,197.48,709.44
44.00,219,490.38,1.00,16.87,0.00,0.12,152.58,695.09
44.00,223,476.02,2.00,17.51,0.00,-0.17,108.72,674.35
44.00,221,472.52,0.00,16.49,0.00,0.22,142.27,641.77
44.00,222,456.82,1.00,16.42,0.00,0.05,101.57,614.26
44.00,226,440.77,2.00,17.71,0.00,0.05,59.61,565.80
44.00,224,440.59,0.00,16.28,0.00,-0.10,106.87,564.18
44.00,225,425.42,1.00,16.06,0.00,0.16,74.64,528.95
44.00,227,409.54,0.00,16.13,0.00,-0.06,92.14,482.51
44.00,229,399.72,2.00,17.71,0.00,-0.17,45.93,454.22
44.00,228,394.50,1.00,15.98,0.00,-0.06,69.45,440.85
44.00,230,378.55,0.00,16.26,0.00,-0.15,97.76,399.74
44.00,232,365.50,2.00,17.69,0.00,-0.00,62.57,351.69
44.00,231,364.26,1.00,15.95,0.00,-0.05,85.24,355.92
44.00,233,347.41,0.00,16.34,0.00,-0.15,123.53,320.51
44.00,234,333.74,1.00,16.07,0.00,-0.09,121.21,276.44
44.00,235,332.36,2.00,17.48,0.00,0.14,104.28,260.26
44.00,236,315.62,0.00,16.57,0.00,0.08,169.06,248.60
44.00,237,302.48,1.00,16.31,0.00,-0.22,176.76,206.38
44.00,238,296.87,2.00,17.38,0.00,-0.01,182.83,169.96
44.00,239,282.73,0.00,16.67,0.00,-0.10,233.49,188.64
44.00,240,270.91,1.00,16.63,0.00,0.05,248.61,151.69
44.00,241,256.70,2.00,17.20,0.00,-0.06,276.03,112.19
44.00,242,249.76,0.00,16.78,0.00,-0.03,311.41,147.28
44.00,243,238.87,1.00,16.79,0.00,-0.09,333.06,116.20
44.00,244,225.33,2.00,17.13,0.00,0.13,367.36,85.23
44.00,245,217.14,0.00,16.91,0.00,-0.08,396.45,127.60
44.00,246,205.03,1.00,17.05,0.00,0.04,428.90,103.08
44.00,247,194.69,2.00,17.06,0.00,-0.15,460.32,81.41
44.00,248,184.12,0.00,16.90,0.00,-0.08,484.70,130.52
44.00,249,170.94,1.00,17.09,0.00,0.11,525.36,116.05
44.00,250,163.21,2.00,16.96,0.00,0.06,553.86,100.89
44.00,251,151.68,0.00,16.89,0.00,0.02,567.72,155.56
44.00,252,137.32,1.00,16.92,0.00,0.19,613.59,153.59
44.00,253,132.01,2.00,16.90,0.00,-0.02,638.99,142.42
44.00,254,118.65,0.00,16.90,0.00,0.13,642.90,201.93
44.00,255,103.73,1.00,16.72,0.00,0.06,688.74,212.97
44.00,256,101.33,2.00,16.87,0.00,0.06,710.30,202.41
44.00,257,86.36,0.00,17.00,0.00,-0.11,702.35,264.61
44.00,258,71.24,1.00,16.72,0.00,0.13,744.14,287.38
44.00,259,70.48,2.00,16.84,0.00,-0.13,765.28,278.26
44.00,260,52.98,0.00,17.07,0.00,0.02,745.01,343.05
44.00,261,38.66,1.00,16.71,0.00,0.04,778.80,373.71
44.00,263,18.95,0.00,17.21,0.00,-0.11,765.80,431.69
44.00,264,6.30,1.08,17.08,0.01,0.32,792.07,465.58
45.00,10,791.24,2.00,10.62,0.00,0.40,811.93,494.43
45.00,265,783.49,1.00,14.01,0.00,0.33,787.86,505.23
45.00,267,770.84,0.00,15.33,0.00,0.08,759.38,536.75
45.00,268,756.67,2.00,11.91,0.00,-0.37,789.04,597.69
45.00,269,748.06,0.00,14.23,0.00,-0.06,741.11,594.35
45.00,270,744.92,1.00,15.51,0.00,-0.22,758.36,612.12
45.00,202,725.43,2.00,13.02,0.00,-0.64,744.81,682.40
45.00,200,721.73,0.00,14.80,0.00,-0.43,707.08,656.41
45.00,201,714.24,1.00,16.25,0.00,-0.13,712.65,687.36
45.00,205,693.47,1.98,15.22,-0.01,-0.17,687.69,747.00
45.00,203,691.91,0.00,15.98,0.00,-0.34,653.71,716.56
45.00,204,680.75,1.00,14.20,0.00,-2.47,644.84,753.27
45.00,208,664.90,2.00,16.61,0.00,-0.26,616.92,798.60
45.00,206,659.43,0.00,16.81,0.00,-0.07,581.51,765.56
45.00,207,647.82,1.00,16.90,0.00,-0.69,561.40,799.62
45.00,211,633.73,2.00,17.33,0.00,-0.23,528.83,834.42
45.00,209,624.90,0.00,17.05,0.00,0.04,494.04,795.47
45.00,210,613.12,1.00,17.27,0.00,-0.04,464.93,822.85
45.00,214,598.63,2.00,17.61,0.00,-0.23,410.74,847.05
45.00,212,591.13,0.00,17.07,0.00,0.01,403.92,800.73
45.00,213,577.85,1.00,17.32,0.00,0.17,364.36,818.67
45.00,217,558.27,2.00,17.65,0.00,-0.12,302.44,825.86
45.00,215,556.43,0.00,17.12,0.00,-0.12,313.22,781.06
45.00,216,542.59,1.00,17.22,0.00,0.08,268.93,786.90
45.00,220,526.10,2.00,17.55,0.00,-0.03,215.19,782.08
45.00,218,522.10,0.00,16.89,0.00,-0.06,232.26,738.16
45.00,219,507.23,1.00,16.86,0.00,0.12,185.89,729.94
45.00,223,493.53,2.00,17.55,0.00,0.13,140.96,716.74
45.00,221,489.05,0.00,16.54,0.00,0.01,167.98,677.77
45.00,222,473.27,1.00,16.50,0.00,0.10,123.93,655.64
45.00,226,458.48,2.00,17.73,0.00,0.07,77.53,616.60
45.00,224,456.87,0.00,16.28,0.00,-0.05,122.48,604.90
45.00,225,441.47,1.00,16.06,0.00,0.03,85.79,573.51
45.00,227,425.68,0.00,16.16,0.00,0.03,97.29,525.45
45.00,229,417.42,2.00,17.73,0.00,0.11,48.36,508.01
45.00,228,410.50,1.00,15.97,0.00,-0.05,69.44,486.61
45.00,230,394.82,0.00,16.22,0.00,-0.19,92.26,443.02
45.00,232,383.24,2.00,17.80,0.00,-0.01,50.47,404.22
45.00,231,380.16,1.00,15.90,0.00,0.08,74.38,400.17
45.00,233,363.72,0.00,16.30,0.00,-0.09,107.58,361.24
45.00,235,349.84,2.00,17.50,0.00,0.00,79.25,307.18
45.00,234,349.83,1.00,16.10,0.00,-0.00,99.85,317.22
45.00,236,332.18,0.00,16.51,0.00,-0.20,143.10,284.58
45.00,237,318.77,1.00,16.30,0.00,0.07,145.66,241.13
45.00,238,314.32,2.00,17.50,0.00,0.02,144.68,206.75
45.00,239,299.40,0.00,16.63,0.00,-0.12,198.89,216.91
45.00,240,287.53,1.00,16.58,0.00,-0.07,209.13,178.19
45.00,241,273.93,2.00,17.27,0.00,0.09,229.57,136.36
45.00,242,266.53,0.00,16.76,0.00,0.06,270.44,165.75
45.00,243,255.65,1.00,16.76,0.00,-0.12,287.73,132.09
45.00,244,242.44,2.00,17.15,0.00,0.13,316.68,97.13
45.00,245,234.06,0.00,16.89,0.00,-0.08,351.72,135.05
45.00,246,222.06,1.00,17.06,0.00,0.10,380.29,106.44
45.00,247,211.77,2.00,17.09,0.00,-0.03,408.39,80.75
45.00,248,201.04,0.00,16.95,0.00,0.07,439.59,126.13
45.00,249,188.05,1.00,17.12,0.00,-0.04,477.42,106.28
45.00,250,180.19,2.00,17.03,0.00,0.04,504.01,87.48
45.00,251,168.56,0.00,16.88,0.00,0.04,525.31,139.86
45.00,252,154.28,1.00,17.00,0.00,0.06,570.34,131.71
45.00,253,148.95,2.00,16.97,0.00,0.02,594.07,117.27
45.00,254,135.55,0.00,16.90,0.00,0.04,605.95,175.73
45.00,255,120.48,1.00,16.78,0.00,0.02,653.22,180.84
45.00,256,118.20,2.00,16.92,0.00,0.09,672.90,167.28
45.00,257,103.36,0.00,16.97,0.00,-0.01,673.07,229.72
45.00,258,87.97,1.00,16.73,0.00,0.01,718.02,247.29
45.00,259,87.34,2.00,16.90,0.00,0.05,737.54,235.14
45.00,260,70.05,0.00,17.04,0.00,-0.07,725.79,301.52
45.00,261,55.34,1.00,16.70,0.00,0.12,763.84,328.36
45.00,263,36.10,0.00,17.13,0.00,0.02,758.32,386.31
45.00,264,23.51,1.40,17.37,0.03,0.21,796.33,415.39
45.00,266,1.61,0.00,17.15,0.00,0.13,767.04,478.09
46.00,267,786.25,0.00,15.52,0.00,0.24,765.80,496.06
46.00,268,768.45,2.00,11.69,0.00,-0.16,800.01,563.38
46.00,269,762.35,0.00,14.39,0.00,0.23,753.86,558.30
46.00,270,760.39,1.00,15.45,0.00,-0.04,774.06,570.67
46.00,202,738.13,2.00,12.41,0.00,-0.58,765.39,649.22
46.00,200,736.41,0.00,14.58,0.00,-0.13,727.64,622.73
46.00,201,730.41,1.00,16.09,0.00,-0.08,738.98,649.20
46.00,205,708.70,1.76,15.23,-0.02,0.03,716.06,710.41
46.00,203,707.68,0.00,15.58,0.00,-0.29,683.65,686.42
46.00,204,694.74,1.02,13.96,0.01,-0.23,676.09,727.77
46.00,208,680.35,2.00,13.97,0.00,-2.54,657.64,772.29
46.00,206,676.12,0.00,16.56,0.00,-0.22,620.12,742.77
46.00,207,664.50,1.00,16.64,0.00,0.10,604.72,779.18
46.00,211,650.91,2.00,16.83,0.00,-1.08,578.50,817.38
46.00,209,641.96,0.00,17.03,0.00,-0.05,538.23,783.71
46.00,210,630.37,1.00,17.18,0.00,-0.13,513.63,814.65
46.00,214,616.20,2.00,17.56,0.00,-0.01,464.23,845.93
46.00,212,608.19,0.00,17.05,0.00,0.08,449.63,801.09
46.00,213,595.18,1.00,17.33,0.00,0.03,413.60,824.25
46.00,217,575.90,2.00,17.61,0.00,-0.11,354.21,840.05
46.00,215,573.55,0.00,17.15,0.00,0.15,357.28,793.89
46.00,216,559.84,1.00,17.30,0.00,0.05,314.47,805.78
46.00,220,543.62,2.00,17.55,0.00,0.06,261.38,808.72
46.00,218,539.04,0.00,17.02,0.00,0.13,270.76,762.09
46.00,219,524.17,1.00,16.98,0.00,0.05,223.69,760.15
46.00,223,511.09,2.00,17.55,0.00,-0.16,178.88,754.36
46.00,221,505.61,0.00,16.62,0.00,0.24,198.26,710.18
46.00,222,489.84,1.00,16.62,0.00,0.09,151.68,694.00
46.00,226,476.23,2.00,17.79,0.00,0.03,102.45,664.47
46.00,224,473.15,0.00,16.29,0.00,0.01,143.22,643.28
46.00,225,457.57,1.00,16.15,0.00,0.24,102.55,616.36
46.00,227,441.85,0.00,16.16,0.00,-0.04,107.90,567.46
46.00,229,435.15,2.00,17.73,0.00,-0.00,58.32,561.01
46.00,228,426.49,1.00,15.99,0.00,-0.08,75.21,532.00
46.00,230,411.00,0.00,16.16,0.00,-0.12,92.38,486.42
46.00,232,401.01,2.00,17.77,0.00,0.01,45.85,458.10
46.00,231,396.06,1.00,15.93,0.00,0.08,69.19,445.34
46.00,233,380.02,0.00,16.27,0.00,-0.14,97.03,403.62
46.00,235,367.38,2.00,17.60,0.00,0.17,60.91,357.25
46.00,234,365.88,1.00,16.00,0.00,-0.15,83.88,360.34
46.00,236,348.65,0.00,16.42,0.00,-0.16,122.15,323.50
46.00,237,335.01,1.00,16.20,0.00,0.04,119.37,279.50
46.00,238,331.84,2.00,17.59,0.00,0.09,111.82,248.68
46.00,239,316.02,0.00,16.61,0.00,0.02,168.40,249.40
46.00,240,304.06,1.00,16.49,0.00,-0.08,173.61,209.51
46.00,241,291.24,2.00,17.37,0.00,0.07,186.65,166.79
46.00,242,283.26,0.00,16.72,0.00,-0.00,232.35,189.45
46.00,243,272.41,1.00,16.72,0.00,-0.06,244.98,153.82
46.00,244,259.66,2.00,17.27,0.00,0.02,267.87,115.87
46.00,245,250.96,0.00,16.89,0.00,0.01,308.45,148.40
46.00,246,239.12,1.00,17.02,0.00,-0.16,332.48,116.36
46.00,247,228.89,2.00,17.16,0.00,0.01,356.71,87.13
46.00,248,217.97,0.00,16.91,0.00,-0.08,394.23,127.82
46.00,249,205.18,1.00,17.12,0.00,-0.04,428.52,103.08
46.00,250,197.22,2.00,17.03,0.00,0.04,452.61,80.87
46.00,251,185.43,0.00,16.85,0.00,-0.14,481.19,129.96
46.00,252,171.29,1.00,17.01,0.00,0.01,524.35,115.77
46.00,253,165.94,2.00,17.01,0.00,-0.12,546.01,98.29
46.00,254,152.46,0.00,16.92,0.00,0.11,565.83,154.72
46.00,255,137.28,1.00,16.79,0.00,-0.06,613.63,153.62
46.00,256,135.11,2.00,16.93,0.00,0.09,631.04,137.38
46.00,257,120.35,0.00,17.00,0.00,0.09,639.39,199.10
46.00,258,104.69,1.00,16.71,0.00,-0.04,686.83,211.01
46.00,259,104.24,2.00,16.87,0.00,-0.10,704.19,196.00
46.00,260,87.10,0.00,17.04,0.00,-0.05,701.19,263.04
46.00,261,72.04,1.00,16.69,0.00,-0.01,743.00,285.36
46.00,263,53.25,0.00,17.19,0.00,0.11,744.77,342.43
46.00,264,41.02,1.82,17.68,0.02,0.32,795.29,362.68
46.00,266,18.72,0.00,17.07,0.00,-0.07,765.86,432.24
46.00,10,10.36,2.00,10.98,0.00,0.21,813.14,461.81
46.00,265,5.98,1.00,14.32,0.00,0.36,790.24,464.92
47.00,268,780.06,2.00,11.54,0.00,-0.23,807.61,528.77
47.00,269,776.81,0.00,14.52,0.00,0.09,762.53,520.62
47.00,270,775.83,1.00,15.46,0.00,0.05,784.53,527.76
47.00,200,750.91,0.00,14.44,0.00,-0.13,743.94,587.38
47.00,202,750.30,2.00,11.95,0.00,-0.54,781.81,615.70
47.00,201,746.42,1.00,15.94,0.00,-0.08,760.01,608.41
47.00,205,723.89,1.32,15.16,-0.03,0.05,735.37,668.58
47.00,203,723.11,0.00,15.28,0.00,-0.18,709.03,653.57
47.00,204,708.65,1.24,13.85,0.03,-0.34,707.62,702.31
47.00,208,693.61,2.00,12.85,0.00,-0.55,689.37,746.07
47.00,206,692.57,0.00,16.32,0.00,-0.22,654.90,715.50
47.00,207,681.13,1.00,16.64,0.00,0.03,644.70,753.37
47.00,211,667.11,2.00,15.53,0.00,-1.41,623.27,794.97
47.00,209,658.98,0.00,16.99,0.00,-0.00,580.33,766.15
47.00,210,647.51,1.00,17.09,0.00,-0.11,560.49,799.97
47.00,214,633.65,2.00,17.31,0.00,-0.45,516.76,837.45
47.00,212,625.24,0.00,17.05,0.00,0.05,494.93,795.29
47.00,213,612.51,1.00,17.33,0.00,-0.09,463.15,823.02
47.00,217,593.50,2.00,17.58,0.00,-0.07,407.34,846.87
47.00,215,590.72,0.00,17.15,0.00,-0.12,402.75,800.64
47.00,216,577.12,1.00,17.31,0.00,0.17,362.30,818.29
47.00,220,561.16,2.00,17.56,0.00,0.06,310.84,828.70
47.00,218,556.06,0.00,17.03,0.00,-0.04,312.35,780.74
47.00,219,541.18,1.00,17.08,0.00,0.16,265.41,785.13
47.00,223,528.65,2.00,17.60,0.00,0.03,221.66,786.35
47.00,221,522.27,0.00,16.70,0.00,0.16,232.71,738.48
47.00,222,506.49,1.00,16.69,0.00,0.14,184.40,728.57
47.00,226,493.98,2.00,17.74,0.00,-0.09,133.87,708.41
47.00,224,489.45,0.00,16.32,0.00,-0.03,168.75,678.70
47.00,225,473.79,1.00,16.28,0.00,0.06,124.80,657.02
47.00,227,457.98,0.00,16.10,0.00,-0.00,123.77,607.68
47.00,229,452.87,2.00,17.73,0.00,-0.00,75.61,612.09
47.00,228,442.47,1.00,15.99,0.00,0.14,86.68,576.26
47.00,230,427.14,0.00,16.11,0.00,-0.05,98.03,529.32
47.00,232,418.77,2.00,17.78,0.00,-0.05,48.85,512.05
47.00,231,411.97,1.00,15.93,0.00,0.05,69.73,490.86
47.00,233,396.26,0.00,16.22,0.00,0.02,92.05,446.88
47.00,235,385.01,2.00,17.68,0.00,0.04,49.66,409.63
47.00,234,381.84,1.00,15.94,0.00,0.10,73.57,404.88
47.00,236,365.05,0.00,16.35,0.00,-0.11,106.52,364.60
47.00,237,351.19,1.00,16.12,0.00,-0.23,98.30,320.76
47.00,238,349.44,2.00,17.63,0.00,0.06,84.98,294.96
47.00,239,332.60,0.00,16.55,0.00,0.08,142.51,285.53
47.00,240,320.52,1.00,16.47,0.00,0.02,142.65,245.03
47.00,241,308.66,2.00,17.46,0.00,-0.07,148.08,203.04
47.00,242,299.96,0.00,16.67,0.00,0.01,197.81,217.92
47.00,243,289.09,1.00,16.68,0.00,0.06,205.65,180.91
47.00,244,276.95,2.00,17.32,0.00,-0.06,221.80,141.24
47.00,245,267.78,0.00,16.78,0.00,-0.02,267.49,167.35
47.00,246,256.12,1.00,16.97,0.00,-0.01,286.61,132.57
47.00,247,246.05,2.00,17.18,0.00,-0.08,306.28,100.49
47.00,248,234.83,0.00,16.83,0.00,-0.05,349.67,135.54
47.00,249,222.29,1.00,17.10,0.00,-0.13,379.68,106.53
47.00,250,214.29,2.00,17.10,0.00,-0.00,400.71,81.25
47.00,251,202.27,0.00,16.86,0.00,0.08,436.23,126.05
47.00,252,188.35,1.00,17.12,0.00,0.18,476.56,106.16
47.00,253,182.95,2.00,17.03,0.00,0.05,495.75,85.94
47.00,254,169.37,0.00,16.87,0.00,-0.13,523.22,139.24
47.00,255,154.13,1.00,16.88,0.00,-0.01,570.67,131.85
47.00,256,152.02,2.00,16.89,0.00,-0.08,585.54,113.34
47.00,257,137.36,0.00,17.01,0.00,-0.06,601.86,173.27
47.00,258,121.43,1.00,16.80,0.00,0.16,651.09,179.16
47.00,259,121.17,2.00,16.99,0.00,-0.00,665.88,161.65
47.00,260,104.12,0.00,17.06,0.00,0.13,671.67,228.27
47.00,261,88.76,1.00,16.73,0.00,-0.10,716.65,245.47
47.00,263,70.43,0.00,17.15,0.00,-0.00,725.34,300.70
47.00,264,58.80,2.00,17.91,0.00,0.25,781.16,310.75
47.00,266,35.83,0.00,17.12,0.00,0.02,758.48,387.00
47.00,10,21.48,2.00,11.30,0.00,0.36,811.49,428.18
47.00,265,20.42,1.00,14.57,0.00,0.32,788.01,423.79
47.00,267,10.17,0.00,15.68,0.00,0.18,767.20,454.35
48.00,268,791.58,2.00,11.54,0.00,-0.02,811.96,493.98
48.00,269,791.39,0.00,14.63,0.00,0.14,766.86,481.84
48.00,270,791.26,1.00,15.45,0.00,-0.02,789.68,483.89
48.00,200,765.32,0.00,14.38,0.00,-0.01,755.99,550.65
48.00,201,762.30,1.00,15.84,0.00,-0.04,775.58,565.64
48.00,202,762.07,2.00,11.60,0.00,-0.45,794.50,581.99
48.00,205,739.03,1.04,15.13,-0.01,0.08,752.10,627.57
48.00,203,738.25,0.00,15.02,0.00,-0.29,729.82,618.57
48.00,204,722.40,1.68,13.64,0.03,-0.28,740.23,676.12
48.00,206,708.70,0.00,15.93,0.00,-0.45,685.32,684.50
48.00,208,706.27,2.00,12.52,0.00,-0.38,716.51,718.42
48.00,207,697.79,1.00,16.66,0.00,0.00,680.98,722.48
48.00,211,682.31,1.98,15.06,-0.01,-0.13,661.71,768.67
48.00,209,675.91,0.00,16.87,0.00,-0.06,619.52,743.18
48.00,210,663.84,1.00,15.39,0.00,-1.55,603.62,779.79
48.00,214,650.73,2.00,16.96,0.00,-0.25,566.68,822.14
48.00,212,642.32,0.00,17.10,0.00,-0.01,539.10,783.42
48.00,213,629.78,1.00,17.15,0.00,-0.49,512.02,815.03
48.00,217,611.05,2.00,17.50,0.00,-0.20,460.77,846.23
48.00,215,607.88,0.00,17.19,0.00,0.10,448.73,801.15
48.00,216,594.44,1.00,17.35,0.00,0.11,411.48,824.15
48.00,220,578.67,2.00,17.51,0.00,-0.02,362.57,841.63
48.00,218,573.11,0.00,17.09,0.00,-0.03,356.15,793.64
48.00,219,558.30,1.00,17.19,0.00,0.24,310.38,804.37
48.00,223,546.26,2.00,17.64,0.00,0.08,268.59,812.14
48.00,221,539.04,0.00,16.81,0.00,0.02,270.84,762.14
48.00,222,523.28,1.00,16.85,0.00,0.04,221.67,758.74
48.00,226,511.72,2.00,17.72,0.00,-0.11,171.12,747.48
48.00,224,505.84,0.00,16.47,0.00,0.21,198.76,710.65
48.00,225,490.07,1.00,16.28,0.00,0.01,152.21,694.64
48.00,227,474.08,0.00,16.17,0.00,0.17,144.59,645.46
48.00,229,470.63,2.00,17.79,0.00,0.05,99.92,660.29
48.00,228,458.45,1.00,15.99,0.00,0.15,103.66,618.72
48.00,230,443.25,0.00,16.08,0.00,-0.15,109.09,571.06
48.00,232,436.55,2.00,17.80,0.00,0.04,59.41,565.09
48.00,231,427.88,1.00,15.91,0.00,0.11,76.00,535.96
48.00,233,412.45,0.00,16.18,0.00,0.05,92.66,490.29
48.00,235,402.73,2.00,17.75,0.00,-0.10,45.81,463.36
48.00,234,397.79,1.00,15.94,0.00,0.00,68.97,450.26
48.00,236,381.38,0.00,16.30,0.00,-0.02,96.40,407.21
48.00,237,367.31,1.00,16.12,0.00,-0.00,82.75,364.20
48.00,238,367.07,2.00,17.62,0.00,-0.13,64.79,344.66
48.00,239,349.11,0.00,16.45,0.00,-0.15,121.65,324.59
48.00,240,336.97,1.00,16.44,0.00,0.03,116.59,284.25
48.00,241,326.13,2.00,17.49,0.00,-0.08,114.75,244.41
48.00,242,316.64,0.00,16.66,0.00,-0.18,167.37,250.65
48.00,243,305.70,1.00,16.58,0.00,-0.10,170.36,212.83
48.00,244,294.29,2.00,17.33,0.00,-0.10,179.53,172.76
48.00,245,284.55,0.00,16.75,0.00,0.04,229.56,191.48
48.00,246,273.05,1.00,16.85,0.00,-0.20,243.47,154.72
48.00,247,263.22,2.00,17.21,0.00,0.01,258.05,120.60
48.00,248,251.68,0.00,16.87,0.00,0.12,306.63,149.11
48.00,249,239.41,1.00,17.11,0.00,-0.09,331.74,116.57
48.00,250,231.38,2.00,17.08,0.00,-0.12,349.24,88.65
48.00,251,219.14,0.00,16.87,0.00,0.11,391.09,128.17
48.00,252,205.49,1.00,17.15,0.00,0.16,427.64,103.08
48.00,253,199.96,2.00,16.99,0.00,-0.16,444.27,80.45
48.00,254,186.22,0.00,16.84,0.00,-0.02,479.08,129.64
48.00,255,171.04,1.00,16.93,0.00,0.12,525.00,115.95
48.00,256,168.94,2.00,16.95,0.00,0.03,537.24,95.61
48.00,257,154.32,0.00,16.90,0.00,-0.05,561.26,152.74
48.00,258,138.29,1.00,16.87,0.00,-0.14,611.19,152.18
48.00,259,138.16,2.00,17.01,0.00,0.07,623.13,132.63
48.00,260,121.17,0.00,17.05,0.00,0.04,637.68,197.75
48.00,261,105.48,1.00,16.73,0.00,0.04,685.23,209.39
48.00,263,87.55,0.00,17.12,0.00,-0.01,700.50,262.11
48.00,264,76.84,2.00,18.14,0.00,0.09,755.91,262.23
48.00,266,52.97,0.00,17.12,0.00,-0.05,745.03,343.11
48.00,265,35.11,1.00,14.81,0.00,0.31,780.95,382.50
48.00,10,32.93,2.00,11.59,0.00,0.17,806.71,393.83
48.00,267,25.92,0.00,15.83,0.00,0.29,763.40,412.40
49.00,200,779.69,0.00,14.37,0.00,0.02,763.75,512.91
49.00,201,778.05,1.00,15.69,0.00,-0.06,785.59,521.61
49.00,202,773.57,2.00,11.45,0.00,-0.18,803.78,548.10
49.00,205,754.13,1.00,15.06,0.00,-0.08,768.40,587.46
49.00,203,753.15,0.00,14.76,0.00,-0.26,746.02,581.93
49.00,204,735.86,1.96,13.29,0.01,-0.46,766.75,644.57
49.00,206,724.45,0.00,15.56,0.00,-0.41,710.94,650.72
49.00,208,718.70,2.00,12.36,0.00,-0.27,740.26,688.82
49.00,207,714.39,1.00,16.53,0.00,-0.25,712.81,687.16
49.00,211,697.34,1.76,15.00,-0.02,0.01,692.78,735.13
49.00,209,692.69,0.00,16.65,0.00,-0.38,655.00,715.41
49.00,210,678.94,1.02,14.96,0.01,-0.35,640.68,756.88
49.00,214,666.33,2.00,13.93,0.00,-2.83,611.36,801.65
49.00,212,659.42,0.00,17.07,0.00,-0.20,581.34,765.64
49.00,213,646.80,1.00,16.96,0.00,-0.12,558.68,800.67
49.00,217,628.42,2.00,17.01,0.00,-1.20,513.24,838.25
49.00,215,625.04,0.00,17.11,0.00,-0.10,494.38,795.40
49.00,216,611.79,1.00,17.31,0.00,-0.13,461.11,823.21
49.00,220,596.18,2.00,17.53,0.00,0.03,415.54,847.25
49.00,218,590.22,0.00,17.09,0.00,-0.09,401.46,800.53
49.00,219,575.54,1.00,17.29,0.00,0.05,357.87,817.42
49.00,223,563.89,2.00,17.63,0.00,-0.03,318.72,831.17
49.00,221,555.89,0.00,16.90,0.00,0.16,312.00,780.61
49.00,222,540.19,1.00,16.99,0.00,0.18,262.93,783.85
49.00,226,529.43,2.00,17.73,0.00,-0.02,213.42,780.88
49.00,224,522.34,0.00,16.52,0.00,0.07,232.94,738.65
49.00,225,506.40,1.00,16.43,0.00,0.26,184.31,728.49
49.00,227,490.29,0.00,16.22,0.00,-0.09,170.21,680.47
49.00,229,488.38,2.00,17.74,0.00,-0.10,130.80,704.65
49.00,228,474.45,1.00,16.01,0.00,-0.06,125.88,658.72
49.00,230,459.33,0.00,16.13,0.00,0.13,125.34,610.96
49.00,232,454.37,2.00,17.83,0.00,-0.09,77.37,616.22
49.00,231,443.79,1.00,15.90,0.00,0.05,87.89,579.89
49.00,233,428.60,0.00,16.18,0.00,0.09,98.81,533.14
49.00,235,420.52,2.00,17.84,0.00,0.03,49.55,517.28
49.00,234,413.69,1.00,15.88,0.00,-0.08,70.13,495.79
49.00,236,397.66,0.00,16.24,0.00,-0.11,91.88,450.62
49.00,238,384.74,2.00,17.73,0.00,0.03,51.72,396.76
49.00,237,383.40,1.00,16.08,0.00,0.04,72.88,409.20
49.00,239,365.55,0.00,16.40,0.00,-0.09,106.14,365.86
49.00,240,353.38,1.00,16.35,0.00,-0.13,95.91,326.42
49.00,241,343.60,2.00,17.52,0.00,0.09,87.44,290.03
49.00,242,333.26,0.00,16.58,0.00,-0.09,141.59,287.01
49.00,243,322.27,1.00,16.57,0.00,0.02,139.67,248.99
49.00,244,311.61,2.00,17.33,0.00,0.01,141.98,209.77
49.00,245,301.26,0.00,16.68,0.00,-0.03,195.28,220.33
49.00,246,289.88,1.00,16.81,0.00,0.08,203.94,182.27
49.00,247,280.47,2.00,17.24,0.00,-0.15,212.83,147.19
49.00,248,268.53,0.00,16.86,0.00,-0.04,265.77,168.29
49.00,249,256.50,1.00,17.05,0.00,-0.13,285.66,132.98
49.00,250,248.49,2.00,17.12,0.00,-0.06,299.21,102.96
49.00,251,236.01,0.00,16.83,0.00,-0.12,346.62,136.30
49.00,252,222.65,1.00,17.16,0.00,0.05,378.68,106.67
49.00,253,216.96,2.00,17.01,0.00,0.07,392.56,81.95
49.00,254,203.06,0.00,16.83,0.00,-0.04,434.10,126.01
49.00,255,188.01,1.00,16.99,0.00,0.07,477.47,106.28
49.00,256,185.88,2.00,16.93,0.00,-0.12,486.89,84.49
49.00,257,171.23,0.00,16.93,0.00,0.07,518.44,137.90
49.00,258,155.17,1.00,16.88,0.00,-0.05,567.94,130.70
49.00,259,155.16,2.00,16.98,0.00,-0.22,576.81,109.59
49.00,260,138.20,0.00,16.99,0.00,-0.14,599.91,172.12
49.00,261,122.25,1.00,16.81,0.00,0.10,649.24,177.73
49.00,263,104.67,0.00,17.15,0.00,0.11,670.67,227.25
49.00,264,95.07,2.00,18.32,0.00,0.04,723.50,217.36
49.00,266,70.13,0.01,17.27,0.00,0.31,725.84,301.37
49.00,265,50.06,1.00,15.11,0.00,0.33,768.91,341.63
49.00,10,44.69,2.00,11.95,0.00,0.32,798.60,359.20
49.00,267,41.83,0.00,16.00,0.00,0.20,754.28,370.83
49.00,270,15.03,1.00,15.43,0.00,0.01,789.43,439.67
49.00,269,14.40,0.00,14.76,0.00,0.18,766.66,442.53
49.00,268,11.46,2.00,11.63,0.00,0.10,813.11,458.84
50.00,202,784.99,2.00,11.40,0.00,-0.01,809.87,513.85
50.00,205,769.20,1.00,15.08,0.00,-0.00,780.73,546.14
50.00,203,767.80,0.00,14.55,0.00,-0.29,757.61,544.30
50.00,204,749.00,2.00,12.99,0.00,-0.26,784.75,608.69
50.00,206,739.88,0.00,15.32,0.00,-0.23,731.73,614.80
50.00,208,731.00,2.00,12.21,0.00,-0.31,760.75,657.39
50.00,207,730.90,1.00,16.45,0.00,-0.16,739.58,648.19
50.00,211,712.33,1.32,14.99,-0.03,0.08,715.38,695.68
50.00,209,709.17,0.00,16.34,0.00,-0.24,686.00,683.71
50.00,210,693.82,1.24,14.76,0.02,-0.35,677.30,733.68
50.00,214,679.70,2.00,13.10,0.00,-0.29,646.65,780.12
50.00,212,676.39,0.00,16.87,0.00,-0.25,620.58,742.46
50.00,213,663.75,1.00,16.96,0.00,0.01,602.69,780.30
50.00,217,644.91,2.00,16.15,-0.00,-0.60,561.87,823.82
50.00,215,642.20,0.00,17.17,0.00,-0.00,538.76,783.53
50.00,216,628.63,1.00,15.93,0.00,-1.69,509.39,815.64
50.00,220,613.64,2.00,17.39,0.00,-0.28,468.68,845.50
50.00,218,607.31,0.00,17.12,0.00,0.19,447.25,801.23
50.00,219,592.87,1.00,17.28,0.00,-0.25,407.00,823.90
50.00,223,581.50,2.00,17.60,0.00,-0.06,371.00,843.02
50.00,221,572.80,0.00,16.91,0.00,-0.00,355.42,793.48
50.00,222,557.24,1.00,17.10,0.00,0.14,307.54,803.37
50.00,226,547.13,2.00,17.68,0.00,-0.02,259.95,808.02
50.00,224,538.93,0.00,16.63,0.00,-0.00,270.67,762.04
50.00,225,522.91,1.00,16.59,0.00,0.16,220.93,758.21
50.00,227,506.53,0.00,16.26,0.00,0.04,200.20,711.98
50.00,229,506.15,2.00,17.76,0.00,-0.18,167.59,744.22
50.00,228,490.51,1.00,16.09,0.00,-0.02,153.09,695.70
50.00,230,475.47,0.00,16.15,0.00,0.06,146.61,648.59
50.00,232,472.23,2.00,17.89,0.00,-0.05,102.41,664.41
50.00,231,459.68,1.00,15.87,0.00,-0.09,105.22,621.96
50.00,233,444.75,0.00,16.15,0.00,0.07,110.38,574.84
50.00,235,438.39,2.00,17.89,0.00,-0.14,60.91,570.41
50.00,234,429.57,1.00,15.88,0.00,-0.11,77.00,540.70
50.00,236,413.87,0.00,16.19,0.00,-0.01,92.98,494.07
50.00,238,402.51,2.00,17.81,0.00,0.06,46.04,450.47
50.00,237,399.44,1.00,16.02,0.00,0.02,68.83,454.94
50.00,239,381.96,0.00,16.40,0.00,-0.09,96.16,408.67
50.00,240,369.66,1.00,16.22,0.00,-0.15,80.96,370.63
50.00,241,361.10,2.00,17.51,0.00,0.01,66.67,339.05
50.00,242,349.84,0.00,16.54,0.00,-0.15,120.87,326.34
50.00,243,338.83,1.00,16.50,0.00,-0.23,114.01,288.82
50.00,244,328.97,2.00,17.38,0.00,-0.13,109.84,251.64
50.00,245,317.94,0.00,16.65,0.00,-0.04,165.17,253.39
50.00,246,306.68,1.00,16.77,0.00,-0.20,168.50,214.76
50.00,247,297.71,2.00,17.29,0.00,0.12,171.68,179.69
50.00,248,285.37,0.00,16.83,0.00,-0.04,227.83,192.75
50.00,249,273.58,1.00,17.09,0.00,0.02,242.26,155.45
50.00,250,265.62,2.00,17.13,0.00,-0.10,251.51,123.94
50.00,251,252.84,0.00,16.82,0.00,-0.11,303.74,150.25
50.00,252,239.83,1.00,17.19,0.00,0.08,330.63,116.88
50.00,253,233.97,2.00,17.00,0.00,-0.12,341.51,90.39
50.00,254,219.87,0.00,16.83,0.00,0.05,389.12,128.40
50.00,255,205.08,1.00,17.13,0.00,0.16,428.81,103.08
50.00,256,202.84,2.00,16.95,0.00,-0.05,435.47,80.22
50.00,257,188.16,0.00,16.89,0.00,-0.09,473.98,128.92
50.00,259,172.12,2.00,16.95,0.00,-0.17,527.91,93.01
50.00,258,172.07,1.00,16.93,0.00,-0.04,522.16,115.18
50.00,260,155.21,0.00,17.03,0.00,-0.09,559.10,151.84
50.00,261,139.07,1.00,16.84,0.00,-0.02,609.22,151.04
50.00,263,121.76,0.00,17.07,0.00,0.08,636.44,196.79
50.00,264,113.49,2.00,18.53,0.00,0.18,684.54,177.22
50.00,266,87.48,0.18,17.43,0.02,0.06,704.02,259.93
50.00,265,65.30,1.00,15.34,0.00,0.14,751.75,301.68
50.00,267,57.96,0.00,16.26,0.00,0.26,739.81,330.26
50.00,10,56.80,2.00,12.32,0.00,0.39,786.94,324.46
50.00,270,30.47,1.00,15.47,0.00,0.10,783.78,395.87
50.00,269,29.24,0.00,14.95,0.00,0.33,761.84,403.15
50.00,268,23.09,2.00,11.65,0.00,-0.06,811.02,423.53
50.00,200,2.39,0.00,14.42,0.00,0.14,767.17,474.53
50.00,201,2.00,1.00,15.58,0.00,-0.14,790.00,477.06
51.00,205,784.27,1.00,15.07,0.00,0.11,788.04,503.62
51.00,203,782.30,0.00,14.48,0.00,0.01,764.69,506.04
51.00,204,761.86,2.00,12.71,0.00,-0.27,797.70,571.59
51.00,206,755.03,0.00,15.00,0.00,-0.12,747.71,577.30
51.00,207,747.28,1.00,16.33,0.00,-0.03,760.91,606.34
51.00,208,743.13,2.00,12.03,0.00,-0.32,777.86,624.55
51.00,211,727.31,1.04,14.97,-0.01,-0.12,735.54,656.77
51.00,209,725.37,0.00,16.05,0.00,-0.28,712.17,648.86
51.00,210,708.43,1.68,14.48,0.03,-0.22,714.50,709.59
51.00,212,693.20,0.00,16.75,0.00,-0.08,655.99,714.51
51.00,214,692.64,2.00,12.85,0.00,-0.23,678.06,756.08
51.00,213,680.73,1.00,16.98,0.00,0.08,643.62,754.17
51.00,217,660.89,1.82,15.84,-0.02,-0.21,604.67,800.53
51.00,215,659.35,0.00,17.13,0.00,0.06,581.16,765.73
51.00,216,644.09,0.99,15.29,-0.00,-0.10,552.25,802.94
51.00,220,630.95,2.00,17.23,0.00,-0.24,520.68,836.51
51.00,218,624.10,0.00,16.00,0.00,-1.67,492.40,795.78
51.00,219,610.05,1.00,17.20,0.00,0.22,456.24,823.61
51.00,223,599.09,2.00,17.55,0.00,-0.14,424.35,847.47
51.00,221,589.73,0.00,16.93,0.00,-0.12,400.24,800.43
51.00,222,574.35,1.00,17.14,0.00,0.08,354.62,816.75
51.00,226,564.84,2.00,17.74,0.00,0.06,309.82,828.37
51.00,224,555.60,0.00,16.67,0.00,-0.06,311.36,780.37
51.00,225,539.56,1.00,16.73,0.00,0.17,261.45,783.08
51.00,229,523.93,2.00,17.79,0.00,0.03,209.61,778.26
51.00,227,522.84,0.00,16.37,0.00,0.06,234.10,739.47
51.00,228,506.64,1.00,16.19,0.00,0.18,184.93,729.06
51.00,230,491.67,0.00,16.23,0.00,-0.01,172.60,683.30
51.00,232,490.08,2.00,17.84,0.00,-0.07,134.04,708.61
51.00,231,475.56,1.00,15.93,0.00,0.11,127.65,661.45
51.00,233,460.90,0.00,16.16,0.00,-0.03,127.18,614.71
51.00,235,456.26,2.00,17.88,0.00,-0.07,79.68,621.46
51.00,234,445.43,1.00,15.84,0.00,-0.06,89.44,584.36
51.00,236,430.02,0.00,16.12,0.00,-0.14,99.61,536.86
51.00,238,420.35,2.00,17.85,0.00,-0.14,47.99,504.67
51.00,237,415.44,1.00,15.95,0.00,-0.14,70.61,500.73
51.00,239,398.31,0.00,16.33,0.00,0.01,91.82,452.32
51.00,240,385.83,1.00,16.10,0.00,-0.21,71.90,416.05
51.00,241,378.67,2.00,17.65,0.00,0.15,52.86,390.62
51.00,242,366.39,0.00,16.57,0.00,0.02,105.52,367.94
51.00,243,355.27,1.00,16.36,0.00,-0.20,93.89,331.43
51.00,244,346.34,2.00,17.40,0.00,0.05,83.71,297.57
51.00,245,334.59,0.00,16.63,0.00,-0.18,139.75,290.05
51.00,246,323.39,1.00,16.68,0.00,-0.15,137.81,251.52
51.00,247,315.03,2.00,17.31,0.00,-0.07,135.20,217.67
51.00,248,302.21,0.00,16.82,0.00,0.01,193.50,222.05
51.00,249,290.65,1.00,16.99,0.00,-0.15,202.31,183.58
51.00,250,282.78,2.00,17.19,0.00,-0.04,207.04,151.23
51.00,251,269.65,0.00,16.85,0.00,0.14,263.14,169.77
51.00,252,257.02,1.00,17.19,0.00,0.05,284.36,133.55
51.00,253,251.04,2.00,17.10,0.00,-0.12,291.94,105.67
51.00,254,236.71,0.00,16.84,0.00,0.02,344.78,136.77
51.00,255,222.23,1.00,17.17,0.00,0.03,379.88,106.50
51.00,256,219.81,2.00,16.96,0.00,-0.14,383.92,82.88
51.00,257,205.02,0.00,16.82,0.00,-0.14,428.87,125.98
51.00,258,189.07,1.00,17.06,0.00,0.09,474.48,105.89
51.00,259,189.07,2.00,16.92,0.00,-0.13,477.26,83.16
51.00,260,172.23,0.00,16.98,0.00,-0.06,515.90,137.22
51.00,261,155.94,1.00,16.89,0.00,-0.07,565.88,129.86
51.00,263,138.82,0.00,17.07,0.00,0.01,598.50,171.30
51.00,264,132.12,2.00,18.69,0.00,-0.00,639.63,142.84
51.00,266,105.01,0.59,17.60,0.03,0.06,679.93,217.22
51.00,265,80.74,1.00,15.54,0.00,0.17,729.58,263.62
51.00,267,74.35,0.00,16.52,0.00,0.27,719.93,291.25
51.00,10,69.33,2.00,12.74,0.00,0.41,771.45,289.90
51.00,270,45.98,1.00,15.53,0.00,-0.01,772.77,352.93
51.00,269,44.30,0.00,15.17,0.00,0.12,752.27,364.07
51.00,268,34.85,2.00,11.87,0.00,0.18,805.63,388.27
51.00,201,17.56,1.00,15.54,0.00,-0.15,788.88,432.53
51.00,200,16.82,0.00,14.48,0.00,0.08,766.18,435.90
51.00,202,4.62,2.00,11.30,0.00,0.04,812.85,478.52