#time,id,x[m],y[m],speed[m/s],heading,acc[m/s^2],lastX[pixel],lastY[pixel]
10.00,214,782.57,2.00,15.62,0.00,-0.22,798.84,505.19
10.00,215,774.56,0.00,16.17,0.00,0.08,750.82,519.57
10.00,216,764.36,1.00,16.49,0.00,-0.10,766.19,552.54
10.00,217,752.23,2.00,16.03,0.00,-0.24,776.87,592.47
10.00,218,741.87,0.00,16.28,0.00,0.13,723.66,601.77
10.00,219,730.89,1.00,16.42,0.00,-0.00,729.21,639.13
10.00,220,719.60,2.00,16.19,0.00,0.03,722.90,688.54
10.00,221,708.20,0.00,16.34,0.00,-0.07,674.82,675.97
10.00,222,697.29,1.00,16.35,0.00,0.09,670.61,713.25
10.00,223,683.31,2.00,16.01,0.00,-0.18,654.71,756.74
10.00,224,674.93,0.00,16.39,0.00,0.07,608.82,734.14
10.00,225,664.06,1.00,16.36,0.00,-0.00,595.34,768.77
10.00,226,650.94,2.00,16.07,0.00,-0.04,560.14,810.12
10.00,227,641.49,0.00,16.41,0.00,0.06,529.96,772.98
10.00,228,630.65,1.00,16.39,0.00,0.12,507.74,802.98
10.00,229,614.86,2.00,15.80,0.00,-0.01,466.34,833.25
10.00,230,607.64,0.00,16.33,0.00,-0.06,441.88,790.01
10.00,231,597.13,1.00,16.41,0.00,-0.07,413.89,812.90
10.00,232,583.54,2.00,15.82,0.00,0.00,361.12,830.43
10.00,233,574.51,0.00,16.41,0.00,0.14,355.53,783.45
10.00,234,563.56,1.00,16.48,0.00,0.16,320.62,797.81
10.00,235,548.34,2.00,15.62,0.00,-0.02,271.77,803.83
10.00,236,540.98,0.00,16.45,0.00,-0.07,271.89,753.90
10.00,237,530.42,1.00,16.38,0.00,-0.08,235.65,759.44
10.00,238,518.12,2.00,15.94,0.00,-0.14,193.58,757.67
10.00,239,507.41,0.00,16.36,0.00,-0.08,198.91,703.34
10.00,240,496.93,1.00,16.43,0.00,0.10,162.93,699.44
10.00,241,486.77,2.00,16.36,0.00,-0.20,126.65,691.69
10.00,242,474.13,0.00,16.40,0.00,-0.09,142.90,636.82
10.00,243,463.57,1.00,16.37,0.00,-0.10,108.74,622.82
10.00,244,453.57,2.00,16.75,0.00,-0.21,75.81,606.12
10.00,245,440.30,0.00,16.37,0.00,0.19,105.27,555.43
10.00,246,429.25,1.00,16.39,0.00,0.08,75.85,532.04
10.00,247,420.53,2.00,16.84,0.00,0.11,49.14,511.11
10.00,248,407.38,0.00,16.31,0.00,-0.02,90.77,470.19
10.00,249,396.36,1.00,16.31,0.00,-0.12,68.35,439.80
10.00,250,387.31,2.00,16.79,0.00,0.02,48.17,411.37
10.00,251,374.14,0.00,16.49,0.00,0.10,99.04,382.60
10.00,252,362.82,1.00,16.39,0.00,0.04,85.51,346.95
10.00,253,353.93,2.00,16.88,0.00,0.05,73.33,314.47
10.00,254,340.52,0.00,16.31,0.00,0.09,130.20,299.79
10.00,255,329.86,1.00,16.41,0.00,-0.00,125.54,263.27
10.00,256,320.61,2.00,16.87,0.00,0.05,122.95,227.91
10.00,257,307.01,0.00,16.31,0.00,-0.07,181.58,228.43
10.00,258,295.87,1.00,16.45,0.00,-0.01,188.14,190.90
10.00,259,287.00,2.00,16.83,0.00,0.02,193.83,156.99
10.00,260,273.29,0.00,16.33,0.00,-0.04,250.83,172.68
10.00,261,262.34,1.00,16.42,0.00,0.13,266.49,138.35
10.00,262,252.49,2.00,16.74,0.00,0.05,294.96,101.77
10.00,263,240.22,0.00,16.39,0.00,-0.05,330.92,137.56
10.00,264,228.78,1.00,16.40,0.00,0.10,355.97,108.20
10.00,265,214.38,2.00,16.15,0.00,0.11,393.96,80.35
10.00,266,206.16,0.00,16.35,0.00,-0.09,420.10,124.36
10.00,267,195.62,1.00,16.43,0.00,-0.02,449.16,102.74
10.00,268,182.91,2.00,16.00,0.00,0.13,500.03,87.04
10.00,269,172.65,0.00,16.38,0.00,0.06,507.20,135.09
10.00,270,161.93,1.00,16.44,0.00,-0.01,541.97,122.12
10.00,200,143.65,0.00,15.71,0.00,0.13,578.59,162.68
10.00,201,142.30,2.00,16.46,0.00,-0.12,603.47,124.76
10.00,202,115.42,2.00,15.65,0.00,-0.04,669.59,170.16
10.00,203,112.88,0.00,15.61,0.00,0.17,645.06,208.77
10.00,204,112.50,1.00,17.55,0.00,0.10,661.64,193.28
10.00,205,85.84,2.00,15.29,0.00,0.07,729.15,234.61
10.00,206,81.74,0.00,15.79,0.00,-0.02,699.17,270.54
10.00,207,75.20,1.00,17.07,0.00,0.18,728.19,273.99
10.00,208,56.92,2.00,15.32,0.00,-0.16,771.95,310.33
10.00,209,49.74,0.00,16.07,0.00,-0.05,737.36,345.99
10.00,210,40.31,1.00,16.73,0.00,0.14,766.69,364.07
10.00,211,26.25,2.00,15.74,0.00,-0.07,798.98,410.64
10.00,212,15.82,0.00,16.19,0.00,0.04,755.80,433.90
10.00,213,6.09,1.00,16.47,0.00,0.00,779.32,457.42
11.00,215,790.71,0.00,16.16,0.00,0.04,756.06,478.42
11.00,216,780.89,1.00,16.56,0.00,0.08,775.71,506.95
11.00,217,768.22,2.00,15.97,0.00,-0.16,791.12,546.66
11.00,218,758.14,0.00,16.29,0.00,0.14,739.83,561.78
11.00,219,747.34,1.00,16.50,0.00,0.15,750.26,597.81
11.00,220,735.74,2.00,16.11,0.00,-0.16,749.97,648.42
11.00,221,724.55,0.00,16.40,0.00,0.13,700.82,641.87
11.00,222,713.64,1.00,16.38,0.00,0.03,701.60,679.13
11.00,223,699.30,2.00,16.01,0.00,0.02,690.71,725.09
11.00,224,691.36,0.00,16.45,0.00,0.06,643.27,707.66
11.00,225,680.45,1.00,16.38,0.00,-0.03,634.26,743.89
11.00,226,666.99,2.00,16.04,0.00,-0.16,603.74,789.94
11.00,227,657.91,0.00,16.44,0.00,0.06,570.25,756.42
11.00,228,647.09,1.00,16.49,0.00,0.16,551.91,789.08
11.00,229,630.65,2.00,15.83,0.00,0.09,513.45,824.84
11.00,230,624.02,0.00,16.40,0.00,-0.08,484.98,784.75
11.00,231,613.60,1.00,16.49,0.00,-0.11,460.27,811.14
11.00,232,599.34,2.00,15.82,0.00,0.02,408.17,835.31
11.00,233,590.89,0.00,16.38,0.00,0.16,398.46,789.55
11.00,234,580.03,1.00,16.45,0.00,-0.08,365.88,808.32
11.00,235,563.93,2.00,15.62,0.00,0.09,315.66,819.90
11.00,236,557.47,0.00,16.49,0.00,-0.03,311.95,771.18
11.00,237,546.85,1.00,16.45,0.00,-0.00,276.52,781.25
11.00,238,534.03,2.00,15.93,0.00,0.02,233.16,784.21
11.00,239,523.82,0.00,16.42,0.00,0.08,232.82,730.44
11.00,240,513.38,1.00,16.51,0.00,0.15,196.60,731.35
11.00,241,503.12,2.00,16.32,0.00,-0.09,159.36,728.05
11.00,242,490.54,0.00,16.45,0.00,0.11,167.90,671.01
11.00,243,479.96,1.00,16.43,0.00,0.11,132.84,662.24
11.00,244,470.28,2.00,16.67,0.00,-0.20,98.46,650.69
11.00,245,456.68,0.00,16.41,0.00,-0.00,120.73,596.00
11.00,246,445.66,1.00,16.44,0.00,0.04,88.47,576.51
11.00,247,437.40,2.00,16.92,0.00,0.08,59.62,560.37
11.00,248,423.68,0.00,16.30,0.00,0.02,95.20,513.10
11.00,249,412.71,1.00,16.37,0.00,0.05,69.05,485.89
11.00,250,404.08,2.00,16.79,0.00,0.11,45.35,461.34
11.00,251,390.60,0.00,16.46,0.00,0.09,92.05,425.64
11.00,252,379.21,1.00,16.42,0.00,0.15,74.06,391.74
11.00,253,370.81,2.00,16.88,0.00,-0.09,57.34,362.88
11.00,254,356.85,0.00,16.37,0.00,-0.02,112.23,339.17
11.00,255,346.29,1.00,16.42,0.00,0.01,102.83,303.64
11.00,256,337.52,2.00,16.95,0.00,-0.09,95.03,269.97
11.00,257,323.35,0.00,16.37,0.00,0.09,154.48,261.08
11.00,258,312.36,1.00,16.53,0.00,0.09,155.38,223.87
11.00,259,303.83,2.00,16.87,0.00,0.06,155.96,190.17
11.00,260,289.62,0.00,16.34,0.00,0.18,215.41,197.42
11.00,261,278.79,1.00,16.48,0.00,0.10,226.31,161.52
11.00,262,269.26,2.00,16.81,0.00,-0.10,249.07,121.87
11.00,263,256.61,0.00,16.41,0.00,0.05,290.19,152.28
11.00,264,245.23,1.00,16.48,0.00,0.13,311.12,119.95
11.00,265,230.61,2.00,16.30,0.00,0.10,345.92,87.25
11.00,266,222.54,0.00,16.39,0.00,0.10,376.88,127.65
11.00,267,212.06,1.00,16.44,0.00,-0.03,402.81,102.40
11.00,268,198.93,2.00,16.08,0.00,0.15,452.61,80.35
11.00,269,189.06,0.00,16.44,0.00,0.06,464.48,126.90
11.00,270,178.41,1.00,16.51,0.00,-0.09,497.27,109.53
11.00,200,159.36,0.00,15.72,0.00,-0.03,540.75,145.69
11.00,201,158.76,2.00,16.47,0.00,0.04,558.79,104.20
11.00,202,131.13,2.00,15.80,0.00,0.14,631.99,141.83
11.00,204,130.11,1.00,17.68,0.00,0.09,622.57,162.74
11.00,203,128.50,0.00,15.63,0.00,0.12,612.67,183.33
11.00,205,101.17,2.00,15.40,0.00,0.15,699.89,199.21
11.00,206,97.51,0.00,15.74,0.00,0.01,673.67,237.58
11.00,207,92.38,1.00,17.29,0.00,0.21,700.55,234.35
11.00,208,72.27,2.00,15.37,0.00,-0.06,751.51,269.09
11.00,209,65.78,0.00,15.99,0.00,-0.12,720.63,306.98
11.00,210,57.09,1.00,16.82,0.00,0.11,751.27,319.41
11.00,211,41.93,2.00,15.66,0.00,-0.12,790.09,363.82
11.00,212,32.00,0.00,16.17,0.00,-0.09,749.98,391.38
11.00,213,22.62,1.00,16.59,0.00,0.13,776.49,412.92
11.00,214,6.54,2.00,15.65,0.00,-0.15,801.89,456.72
12.00,217,784.11,2.00,15.82,0.00,-0.23,799.42,499.65
12.00,218,774.39,0.00,16.24,0.00,0.07,750.71,520.07
12.00,219,763.84,1.00,16.52,0.00,0.08,765.79,553.96
12.00,220,751.80,2.00,16.02,0.00,-0.19,771.70,605.13
12.00,221,740.93,0.00,16.34,0.00,-0.04,722.47,604.20
12.00,222,730.09,1.00,16.47,0.00,-0.06,728.05,641.09
12.00,223,715.32,2.00,16.00,0.00,-0.15,722.48,689.07
12.00,224,707.83,0.00,16.49,0.00,0.05,674.08,676.80
12.00,225,696.85,1.00,16.42,0.00,0.05,669.67,714.15
12.00,226,683.02,2.00,16.03,0.00,-0.15,644.37,764.45
12.00,227,674.35,0.00,16.42,0.00,-0.06,607.43,735.09
12.00,228,663.63,1.00,16.57,0.00,0.00,594.16,769.42
12.00,229,646.47,2.00,15.82,0.00,-0.12,559.05,810.55
12.00,230,640.47,0.00,16.49,0.00,0.04,527.19,773.90
12.00,231,630.13,1.00,16.55,0.00,0.02,506.21,803.32
12.00,232,615.17,2.00,15.87,0.00,0.04,455.77,834.25
12.00,233,607.30,0.00,16.42,0.00,-0.05,441.73,790.03
12.00,234,596.50,1.00,16.49,0.00,0.00,412.09,812.84
12.00,235,579.54,2.00,15.60,0.00,-0.00,361.23,830.45
12.00,236,573.96,0.00,16.49,0.00,0.11,353.96,783.10
12.00,237,563.31,1.00,16.46,0.00,0.10,319.97,797.61
12.00,238,549.94,2.00,15.90,0.00,-0.11,275.82,805.58
12.00,239,540.25,0.00,16.47,0.00,0.17,270.05,752.96
12.00,240,529.91,1.00,16.53,0.00,-0.02,234.35,758.67
12.00,241,519.40,2.00,16.26,0.00,-0.04,196.32,759.78
12.00,242,506.98,0.00,16.43,0.00,-0.09,197.98,702.51
12.00,243,496.39,1.00,16.46,0.00,0.15,161.92,698.31
12.00,244,486.93,2.00,16.66,0.00,-0.01,126.83,691.93
12.00,245,473.10,0.00,16.43,0.00,-0.10,141.38,634.34
12.00,246,462.13,1.00,16.53,0.00,0.16,106.84,619.14
12.00,247,454.32,2.00,16.89,0.00,-0.19,76.62,607.99
12.00,248,440.05,0.00,16.40,0.00,-0.10,105.05,554.74
12.00,249,429.08,1.00,16.37,0.00,-0.09,75.74,531.56
12.00,250,420.91,2.00,16.91,0.00,0.15,49.30,512.13
12.00,251,407.11,0.00,16.50,0.00,-0.12,90.74,469.31
12.00,252,395.64,1.00,16.44,0.00,0.04,68.48,437.70
12.00,253,387.72,2.00,16.98,0.00,0.14,48.04,412.40
12.00,254,373.25,0.00,16.42,0.00,0.15,99.46,380.73
12.00,255,362.72,1.00,16.43,0.00,-0.11,85.61,346.65
12.00,256,354.44,2.00,16.92,0.00,-0.08,72.59,316.37
12.00,257,339.73,0.00,16.38,0.00,0.05,131.26,297.79
12.00,258,328.95,1.00,16.61,0.00,0.07,127.06,261.04
12.00,259,320.78,2.00,17.02,0.00,0.08,122.70,228.23
12.00,260,305.99,0.00,16.43,0.00,0.16,183.42,226.60
12.00,261,295.30,1.00,16.51,0.00,-0.08,189.36,189.82
12.00,262,286.09,2.00,16.85,0.00,-0.10,206.08,147.95
12.00,263,273.05,0.00,16.46,0.00,0.02,251.49,172.29
12.00,264,261.73,1.00,16.52,0.00,0.16,268.06,137.55
12.00,265,246.98,2.00,16.39,0.00,-0.06,298.79,100.39
12.00,266,238.93,0.00,16.42,0.00,-0.01,334.42,136.54
12.00,267,228.52,1.00,16.51,0.00,0.12,356.76,108.07
12.00,268,214.99,2.00,16.06,0.00,0.02,404.58,79.71
12.00,269,205.53,0.00,16.47,0.00,-0.11,420.90,124.33
12.00,270,194.96,1.00,16.57,0.00,0.10,451.10,102.89
12.00,201,175.20,2.00,16.43,0.00,0.04,510.97,89.45
12.00,200,175.14,0.00,15.84,0.00,0.05,500.98,133.51
12.00,204,147.80,1.00,17.69,0.00,-0.09,579.38,137.76
12.00,202,147.02,2.00,15.93,0.00,-0.13,590.62,118.10
12.00,203,144.14,0.00,15.66,0.00,0.09,577.33,162.04
12.00,205,116.63,2.00,15.49,0.00,-0.05,666.28,167.39
12.00,206,113.24,0.00,15.70,0.00,-0.13,644.36,208.15
12.00,207,109.74,1.00,17.47,0.00,0.23,667.32,198.52
12.00,208,87.66,2.00,15.44,0.00,0.08,726.14,230.57
12.00,209,81.72,0.00,15.90,0.00,-0.07,699.24,270.64
12.00,210,73.96,1.00,16.92,0.00,0.12,729.93,276.94
12.00,211,57.56,2.00,15.61,0.00,-0.14,775.69,319.23
12.00,212,48.16,0.00,16.12,0.00,-0.09,738.77,350.02
12.00,213,39.26,1.00,16.69,0.00,0.20,767.49,366.91
12.00,214,22.18,2.00,15.61,0.00,-0.09,799.04,411.12
12.00,215,15.15,0.00,16.10,0.00,-0.00,755.97,435.72
12.00,216,5.82,1.00,16.63,0.00,-0.08,779.32,457.42
13.00,218,790.62,0.00,16.22,0.00,0.09,756.08,478.01
13.00,219,780.38,1.00,16.58,0.00,0.15,775.49,508.37
13.00,220,767.80,2.00,15.99,0.00,-0.03,787.58,559.92
13.00,221,757.27,0.00,16.37,0.00,-0.00,739.01,564.14
13.00,222,746.61,1.00,16.56,0.00,0.08,749.42,599.75
13.00,223,731.29,2.00,15.98,0.00,-0.03,749.37,649.43
13.00,224,724.31,0.00,16.49,0.00,0.12,700.59,642.22
13.00,225,713.31,1.00,16.49,0.00,0.02,700.99,679.93
13.00,226,699.01,2.00,15.99,0.00,0.05,681.39,734.10
13.00,227,690.77,0.00,16.40,0.00,-0.05,642.03,708.75
13.00,228,680.20,1.00,16.56,0.00,-0.05,633.61,744.35
13.00,229,662.30,2.00,15.83,0.00,-0.03,602.14,790.82
13.00,230,656.98,0.00,16.53,0.00,0.08,567.82,757.57
13.00,231,646.67,1.00,16.57,0.00,0.11,550.76,789.54
13.00,232,631.03,2.00,15.85,0.00,-0.10,502.98,827.19
13.00,233,623.75,0.00,16.48,0.00,0.03,484.19,784.91
13.00,234,612.98,1.00,16.49,0.00,-0.06,458.54,811.30
13.00,235,595.17,2.00,15.63,0.00,-0.11,407.79,835.29
13.00,236,590.43,0.00,16.46,0.00,-0.10,397.13,789.42
13.00,237,579.80,1.00,16.52,0.00,0.17,365.22,808.21
13.00,238,565.81,2.00,15.86,0.00,-0.06,320.75,821.39
13.00,239,556.73,0.00,16.48,0.00,0.02,310.02,770.49
13.00,240,546.45,1.00,16.54,0.00,-0.09,275.43,780.78
13.00,241,535.61,2.00,16.19,0.00,-0.10,236.87,786.40
13.00,242,523.44,0.00,16.51,0.00,0.10,231.90,729.82
13.00,243,512.87,1.00,16.54,0.00,0.17,195.50,730.39
13.00,244,503.54,2.00,16.59,0.00,0.03,160.09,728.77
13.00,245,489.57,0.00,16.47,0.00,-0.08,166.92,669.77
13.00,246,478.65,1.00,16.50,0.00,-0.06,130.70,659.17
13.00,247,471.17,2.00,16.81,0.00,-0.20,99.88,653.07
13.00,248,456.49,0.00,16.46,0.00,-0.10,120.50,595.48
13.00,249,445.46,1.00,16.39,0.00,0.07,88.29,576.02
13.00,250,437.83,2.00,16.96,0.00,0.11,59.96,561.51
13.00,251,423.57,0.00,16.48,0.00,0.15,95.14,512.72
13.00,252,412.09,1.00,16.47,0.00,0.05,68.91,484.09
13.00,253,404.71,2.00,17.02,0.00,-0.03,45.36,463.40
13.00,254,389.69,0.00,16.47,0.00,0.17,92.29,423.09
13.00,255,379.14,1.00,16.43,0.00,-0.07,74.10,391.51
13.00,256,371.38,2.00,17.00,0.00,0.15,56.97,364.40
13.00,257,356.10,0.00,16.39,0.00,0.13,112.99,337.19
13.00,258,345.55,1.00,16.64,0.00,0.14,103.80,301.68
13.00,259,337.81,2.00,17.03,0.00,-0.14,94.63,270.64
13.00,260,322.45,0.00,16.47,0.00,-0.07,155.32,259.88
13.00,261,311.83,1.00,16.54,0.00,0.11,156.38,222.75
13.00,262,302.95,2.00,16.92,0.00,0.12,166.86,179.55
13.00,263,289.52,0.00,16.46,0.00,-0.04,215.70,197.20
13.00,264,278.29,1.00,16.58,0.00,0.04,227.54,160.69
13.00,265,263.41,2.00,16.50,0.00,0.11,253.58,119.58
13.00,266,255.34,0.00,16.41,0.00,0.01,293.42,150.88
13.00,267,245.06,1.00,16.60,0.00,0.11,311.64,119.77
13.00,268,231.12,2.00,16.19,0.00,-0.08,356.72,85.16
13.00,269,222.03,0.00,16.49,0.00,-0.06,378.37,127.42
13.00,270,211.52,1.00,16.54,0.00,-0.04,404.39,102.33
13.00,201,191.59,2.00,16.36,0.00,-0.03,462.58,81.24
13.00,200,191.06,0.00,15.97,0.00,0.02,459.59,126.34
13.00,204,165.52,1.00,17.74,0.00,-0.04,533.07,119.10
13.00,202,162.97,2.00,15.97,0.00,-0.13,546.05,99.61
13.00,203,159.82,0.00,15.67,0.00,0.02,539.52,145.25
13.00,205,132.18,2.00,15.63,0.00,0.11,628.81,139.76
13.00,206,128.95,0.00,15.72,0.00,0.06,611.66,182.63
13.00,207,127.25,1.00,17.56,0.00,0.05,629.16,167.28
13.00,208,103.11,2.00,15.50,0.00,0.10,696.15,195.29
13.00,209,97.57,0.00,15.81,0.00,-0.03,673.58,237.48
13.00,210,90.94,1.00,17.06,0.00,0.13,702.95,237.45
13.00,211,73.11,2.00,15.54,0.00,-0.09,755.98,276.92
13.00,212,64.27,0.00,16.07,0.00,-0.12,722.43,310.57
13.00,213,55.99,1.00,16.79,0.00,0.14,752.45,322.24
13.00,214,37.76,2.00,15.58,0.00,-0.09,790.44,365.18
13.00,215,31.24,0.00,16.12,0.00,0.13,750.43,393.46
13.00,216,22.51,1.00,16.73,0.00,0.06,776.55,413.32
13.00,217,8.24,2.00,15.76,0.00,-0.22,801.75,452.24
14.00,220,783.80,2.00,16.01,0.00,-0.01,797.61,513.12
14.00,221,773.66,0.00,16.37,0.00,-0.11,750.26,522.17
14.00,222,763.16,1.00,16.57,0.00,0.04,765.25,555.85
14.00,223,747.25,2.00,15.94,0.00,-0.10,771.00,606.75
14.00,224,740.78,0.00,16.44,0.00,-0.11,722.25,604.63
14.00,225,729.81,1.00,16.50,0.00,-0.05,727.65,641.78
14.00,226,714.99,2.00,15.97,0.00,-0.10,714.26,699.34
14.00,227,707.20,0.00,16.45,0.00,0.04,672.91,678.14
14.00,228,696.79,1.00,16.60,0.00,-0.02,669.47,714.34
14.00,229,678.13,2.00,15.84,0.00,-0.05,642.42,765.86
14.00,230,673.55,0.00,16.61,0.00,0.03,606.09,736.00
14.00,231,663.29,1.00,16.67,0.00,0.04,593.28,769.91
14.00,232,646.87,2.00,15.82,0.00,-0.16,548.72,814.31
14.00,233,640.27,0.00,16.54,0.00,0.10,526.64,774.08
14.00,234,629.54,1.00,16.62,0.00,0.02,504.56,803.69
14.00,235,610.78,2.00,15.59,0.00,-0.07,454.59,834.34
14.00,236,606.95,0.00,16.54,0.00,-0.09,440.83,790.06
14.00,237,596.37,1.00,16.58,0.00,-0.09,411.66,812.83
14.00,238,581.66,2.00,15.87,0.00,0.00,367.23,831.41
14.00,239,573.22,0.00,16.50,0.00,0.12,351.91,782.64
14.00,240,562.97,1.00,16.52,0.00,0.06,319.01,797.33
14.00,241,551.76,2.00,16.11,0.00,-0.23,280.43,807.58
14.00,242,539.96,0.00,16.52,0.00,-0.05,269.27,752.56
14.00,243,529.46,1.00,16.62,0.00,0.06,233.22,758.00
14.00,244,520.12,2.00,16.58,0.00,-0.02,197.77,760.89
14.00,245,506.08,0.00,16.54,0.00,0.11,196.10,700.86
14.00,246,495.13,1.00,16.47,0.00,0.00,159.53,695.65
14.00,247,487.97,2.00,16.81,0.00,0.06,128.61,694.18
14.00,248,472.96,0.00,16.48,0.00,0.04,141.17,633.99
14.00,249,461.84,1.00,16.40,0.00,0.18,106.51,618.49
14.00,250,454.80,2.00,16.99,0.00,-0.05,77.14,609.20
14.00,251,440.09,0.00,16.52,0.00,-0.02,105.07,554.79
14.00,252,428.55,1.00,16.46,0.00,-0.00,75.41,530.07
14.00,253,421.75,2.00,17.07,0.00,0.11,49.66,514.37
14.00,254,406.19,0.00,16.51,0.00,0.00,90.66,466.72
14.00,255,395.59,1.00,16.46,0.00,-0.03,68.49,437.55
14.00,256,388.43,2.00,17.11,0.00,0.09,47.80,414.33
14.00,257,372.55,0.00,16.52,0.00,0.15,99.95,378.76
14.00,258,362.21,1.00,16.69,0.00,0.09,86.08,345.15
14.00,259,354.83,2.00,17.04,0.00,0.12,72.21,317.34
14.00,260,338.89,0.00,16.46,0.00,0.12,132.39,295.66
14.00,261,328.39,1.00,16.59,0.00,0.15,127.94,259.75
14.00,262,319.90,2.00,16.98,0.00,0.06,131.35,217.23
14.00,263,305.99,0.00,16.48,0.00,-0.02,183.45,226.57
14.00,264,294.86,1.00,16.55,0.00,0.01,190.33,188.98
14.00,265,279.93,2.00,16.60,0.00,0.20,211.00,144.61
14.00,266,271.77,0.00,16.48,0.00,0.17,254.59,170.46
14.00,267,261.67,1.00,16.60,0.00,0.00,268.27,137.44
14.00,268,247.35,2.00,16.27,0.00,-0.04,309.63,96.74
14.00,269,238.54,0.00,16.52,0.00,0.01,335.55,136.21
14.00,270,228.08,1.00,16.59,0.00,0.14,358.03,107.85
14.00,201,207.94,2.00,16.37,0.00,-0.06,413.67,79.36
14.00,200,207.10,0.00,16.10,0.00,0.05,417.30,124.45
14.00,204,183.28,1.00,17.78,0.00,0.07,484.49,107.05
14.00,202,179.00,2.00,16.08,0.00,0.02,499.85,87.01
14.00,203,175.53,0.00,15.75,0.00,0.05,499.86,133.26
14.00,205,147.90,2.00,15.82,0.00,0.19,587.83,116.77
14.00,207,144.88,1.00,17.70,0.00,0.15,586.75,141.49
14.00,206,144.66,0.00,15.70,0.00,-0.10,576.05,161.38
14.00,208,118.65,2.00,15.58,0.00,0.02,661.91,163.81
14.00,209,113.39,0.00,15.80,0.00,-0.09,644.09,207.91
14.00,210,108.08,1.00,17.20,0.00,0.06,670.63,201.62
14.00,211,88.64,2.00,15.54,0.00,-0.14,731.46,237.70
14.00,212,80.35,0.00,16.07,0.00,0.02,701.24,273.62
14.00,213,72.86,1.00,16.94,0.00,0.19,731.51,279.63
14.00,214,53.30,2.00,15.52,0.00,-0.21,776.35,320.94
14.00,215,47.38,0.00,16.16,0.00,0.07,739.50,352.12
14.00,216,39.25,1.00,16.76,0.00,-0.04,767.51,366.98
14.00,217,23.93,2.00,15.66,0.00,-0.08,798.16,405.30
14.00,218,15.13,0.00,16.18,0.00,0.02,755.98,435.82
14.00,219,5.29,1.00,16.62,0.00,0.11,779.32,457.42
15.00,221,790.01,0.00,16.34,0.00,-0.08,755.97,479.14
15.00,222,779.76,1.00,16.65,0.00,0.16,775.21,510.16
15.00,223,763.19,2.00,15.96,0.00,0.00,787.07,561.71
15.00,224,757.26,0.00,16.47,0.00,-0.16,738.97,564.24
15.00,225,746.35,1.00,16.56,0.00,0.07,749.13,600.41
15.00,226,730.94,2.00,15.96,0.00,0.08,742.44,660.78
15.00,227,723.69,0.00,16.52,0.00,-0.07,699.62,643.64
15.00,228,713.39,1.00,16.60,0.00,0.04,701.09,679.80
15.00,229,693.98,2.00,15.86,0.00,-0.01,679.32,736.01
15.00,230,690.18,0.00,16.64,0.00,-0.09,640.68,709.94
15.00,231,679.98,1.00,16.70,0.00,0.10,633.05,744.76
15.00,232,662.70,2.00,15.85,0.00,0.02,592.47,795.80
15.00,233,656.82,0.00,16.54,0.00,-0.01,567.41,757.76
15.00,234,646.19,1.00,16.66,0.00,-0.03,549.44,790.04
15.00,235,626.40,2.00,15.66,0.00,-0.02,500.88,827.63
15.00,236,623.51,0.00,16.58,0.00,0.06,483.47,785.05
15.00,237,612.97,1.00,16.62,0.00,0.15,458.44,811.31
15.00,238,597.46,2.00,15.76,0.00,-0.04,414.50,835.52
15.00,239,589.76,0.00,16.60,0.00,0.15,395.18,789.24
15.00,240,579.56,1.00,16.64,0.00,0.01,364.48,808.09
15.00,241,567.81,2.00,15.97,0.00,-0.25,326.10,822.94
15.00,242,556.48,0.00,16.55,0.00,0.13,309.37,770.25
15.00,243,546.11,1.00,16.68,0.00,0.08,274.50,780.37
15.00,244,536.69,2.00,16.55,0.00,-0.15,239.32,787.85
15.00,245,522.60,0.00,16.55,0.00,0.19,229.92,728.47
15.00,246,511.65,1.00,16.54,0.00,0.08,192.89,728.10
15.00,247,504.76,2.00,16.77,0.00,-0.12,162.47,731.11
15.00,248,489.46,0.00,16.53,0.00,0.07,166.72,669.52
15.00,249,478.25,1.00,16.40,0.00,-0.05,130.09,658.27
15.00,250,471.81,2.00,17.02,0.00,0.00,100.76,654.51
15.00,251,456.64,0.00,16.56,0.00,-0.03,120.64,595.81
15.00,252,445.06,1.00,16.53,0.00,-0.08,87.89,574.89
15.00,253,438.86,2.00,17.17,0.00,0.12,60.74,564.19
15.00,254,422.73,0.00,16.54,0.00,-0.07,94.76,510.32
15.00,255,412.06,1.00,16.46,0.00,-0.10,68.90,484.01
15.00,256,405.57,2.00,17.17,0.00,-0.04,45.44,466.04
15.00,257,389.11,0.00,16.58,0.00,-0.04,92.45,421.40
15.00,258,378.90,1.00,16.67,0.00,-0.17,74.25,390.72
15.00,259,371.91,2.00,17.15,0.00,0.07,56.63,365.74
15.00,260,355.41,0.00,16.59,0.00,0.08,113.73,335.26
15.00,261,344.99,1.00,16.66,0.00,0.14,104.52,300.26
15.00,262,336.91,2.00,17.03,0.00,0.03,101.90,258.48
15.00,263,322.46,0.00,16.49,0.00,0.17,155.30,259.91
15.00,264,311.40,1.00,16.57,0.00,0.16,157.19,221.82
15.00,265,296.57,2.00,16.68,0.00,-0.01,171.81,175.18
15.00,266,288.28,0.00,16.50,0.00,-0.02,218.47,195.04
15.00,267,278.28,1.00,16.65,0.00,0.12,227.59,160.65
15.00,268,263.61,2.00,16.27,0.00,0.05,264.29,114.28
15.00,269,255.07,0.00,16.55,0.00,0.05,294.19,150.55
15.00,270,244.70,1.00,16.63,0.00,-0.05,312.63,119.42
15.00,201,224.30,2.00,16.31,0.00,-0.17,364.87,83.81
15.00,200,223.24,0.00,16.18,0.00,0.05,374.82,127.98
15.00,204,201.01,1.00,17.71,0.00,0.03,434.68,102.00
15.00,202,195.11,2.00,16.15,0.00,-0.00,452.16,80.32
15.00,203,191.31,0.00,15.81,0.00,0.17,458.80,126.26
15.00,205,163.73,2.00,15.87,0.00,0.09,543.97,98.92
15.00,207,162.64,1.00,17.82,0.00,0.18,540.81,121.70
15.00,206,160.35,0.00,15.71,0.00,0.15,538.11,144.74
15.00,208,134.28,2.00,15.69,0.00,0.12,623.82,136.61
15.00,209,129.20,0.00,15.80,0.00,-0.09,611.12,182.27
15.00,210,125.33,1.00,17.34,0.00,0.17,633.44,170.37
15.00,211,104.19,2.00,15.59,0.00,0.02,702.27,201.71
15.00,212,96.39,0.00,16.00,0.00,-0.09,675.70,239.88
15.00,213,89.86,1.00,17.08,0.00,0.21,704.83,239.87
15.00,214,68.80,2.00,15.49,0.00,0.00,756.89,278.62
15.00,215,63.53,0.00,16.13,0.00,-0.06,723.36,312.47
15.00,216,56.06,1.00,16.85,0.00,0.13,752.39,322.09
15.00,217,39.56,2.00,15.59,0.00,-0.12,788.83,359.35
15.00,218,31.36,0.00,16.26,0.00,0.06,750.37,393.20
15.00,219,21.96,1.00,16.68,0.00,-0.02,776.70,414.83
15.00,220,8.11,2.00,15.94,0.00,-0.27,801.89,456.72
16.00,223,779.16,2.00,15.98,0.00,-0.07,797.34,514.88
16.00,224,773.68,0.00,16.41,0.00,0.06,750.27,522.11
16.00,225,762.94,1.00,16.63,0.00,0.04,765.07,556.47
16.00,226,746.89,2.00,15.96,0.00,-0.15,765.53,619.01
16.00,227,740.18,0.00,16.46,0.00,-0.02,721.50,606.15
16.00,228,730.00,1.00,16.61,0.00,-0.14,727.88,641.38
16.00,229,709.84,2.00,15.86,0.00,-0.04,712.21,701.76
16.00,230,706.81,0.00,16.62,0.00,-0.14,672.11,679.04
16.00,231,696.71,1.00,16.70,0.00,-0.14,669.25,714.54
16.00,232,678.52,2.00,15.80,0.00,-0.04,633.53,771.97
16.00,233,673.36,0.00,16.57,0.00,0.19,605.66,736.27
16.00,234,662.81,1.00,16.62,0.00,0.13,592.11,770.55
16.00,235,642.07,2.00,15.68,0.00,-0.05,546.15,815.21
16.00,236,640.08,0.00,16.56,0.00,-0.06,526.11,774.26
16.00,237,629.60,1.00,16.66,0.00,0.04,504.68,803.66
16.00,238,613.22,2.00,15.75,0.00,-0.07,461.75,833.69
16.00,239,606.40,0.00,16.65,0.00,-0.03,439.23,790.11
16.00,240,596.22,1.00,16.66,0.00,0.09,411.21,812.81
16.00,241,583.77,2.00,15.93,0.00,-0.17,373.06,832.33
16.00,242,573.06,0.00,16.64,0.00,0.14,351.39,782.53
16.00,243,562.78,1.00,16.66,0.00,-0.04,318.42,797.16
16.00,244,553.17,2.00,16.44,0.00,-0.06,285.16,809.51
16.00,245,539.18,0.00,16.63,0.00,0.07,267.28,751.55
16.00,246,528.23,1.00,16.64,0.00,0.19,230.34,756.06
16.00,247,521.53,2.00,16.77,0.00,-0.03,200.83,763.25
16.00,248,505.98,0.00,16.50,0.00,-0.04,196.35,701.09
16.00,249,494.65,1.00,16.42,0.00,0.06,158.65,694.67
16.00,250,488.81,2.00,17.00,0.00,-0.08,130.00,695.93
16.00,251,473.19,0.00,16.51,0.00,-0.13,141.49,634.51
16.00,252,461.62,1.00,16.58,0.00,0.05,106.18,617.83
16.00,253,456.05,2.00,17.16,0.00,-0.19,78.69,612.68
16.00,254,439.33,0.00,16.63,0.00,-0.06,104.57,553.13
16.00,255,428.55,1.00,16.51,0.00,0.04,75.40,530.03
16.00,256,422.75,2.00,17.23,0.00,0.10,50.09,517.08
16.00,257,405.69,0.00,16.56,0.00,-0.06,90.61,465.27
16.00,258,395.56,1.00,16.66,0.00,-0.13,68.50,437.36
16.00,259,389.13,2.00,17.27,0.00,-0.08,47.55,416.43
16.00,260,371.98,0.00,16.56,0.00,-0.01,100.34,377.17
16.00,261,361.64,1.00,16.66,0.00,0.12,86.56,343.65
16.00,262,353.98,2.00,17.10,0.00,-0.00,78.11,303.43
16.00,263,338.99,0.00,16.55,0.00,0.00,132.28,295.85
16.00,264,328.03,1.00,16.66,0.00,0.08,128.54,258.87
16.00,265,313.33,2.00,16.81,0.00,-0.01,136.74,210.86
16.00,266,304.78,0.00,16.51,0.00,-0.10,185.88,224.14
16.00,267,294.93,1.00,16.65,0.00,-0.11,190.22,189.07
16.00,268,279.96,2.00,16.45,0.00,0.18,220.32,138.29
16.00,269,271.63,0.00,16.60,0.00,0.11,254.99,170.22
16.00,270,261.33,1.00,16.65,0.00,0.02,269.13,137.00
16.00,201,240.58,2.00,16.26,0.00,-0.10,317.28,94.47
16.00,200,239.49,0.00,16.31,0.00,0.04,332.86,136.99
16.00,204,218.69,1.00,17.65,0.00,0.07,384.83,103.94
16.00,202,211.27,2.00,16.19,0.00,0.06,403.87,79.74
16.00,203,207.17,0.00,15.91,0.00,0.01,416.99,124.46
16.00,207,180.52,1.00,17.92,0.00,0.11,492.22,108.51
16.00,205,179.66,2.00,16.00,0.00,0.18,497.97,86.63
16.00,206,176.07,0.00,15.71,0.00,-0.02,498.35,132.92
16.00,208,150.00,2.00,15.73,0.00,-0.06,582.44,114.22
16.00,209,144.93,0.00,15.69,0.00,-0.02,575.36,161.03
16.00,210,142.71,1.00,17.45,0.00,0.21,592.03,144.25
16.00,211,119.82,2.00,15.66,0.00,0.07,668.44,169.16
16.00,212,112.39,0.00,15.98,0.00,-0.08,646.28,209.85
16.00,213,107.00,1.00,17.17,0.00,0.03,672.77,203.76
16.00,214,84.26,2.00,15.45,0.00,-0.06,732.42,239.10
16.00,215,79.66,0.00,16.13,0.00,0.06,702.32,275.27
16.00,216,72.93,1.00,16.93,0.00,0.12,731.40,279.44
16.00,217,55.12,2.00,15.54,0.00,-0.10,773.97,315.14
16.00,218,47.61,0.00,16.24,0.00,-0.06,739.31,351.57
16.00,219,38.65,1.00,16.73,0.00,0.13,767.96,368.59
16.00,220,24.03,2.00,15.88,0.00,-0.15,799.66,417.68
16.00,221,14.68,0.00,16.33,0.00,-0.11,756.10,437.18
16.00,222,4.74,1.00,16.69,0.00,0.05,779.32,457.42
17.00,224,790.05,0.00,16.36,0.00,0.01,755.97,479.06
17.00,225,779.60,1.00,16.67,0.00,-0.12,775.14,510.62
17.00,226,762.86,2.00,15.98,0.00,-0.07,783.21,574.61
17.00,227,756.61,0.00,16.43,0.00,0.03,738.38,565.93
17.00,228,746.65,1.00,16.67,0.00,0.09,749.45,599.69
17.00,229,725.70,2.00,15.88,0.00,0.03,740.54,663.68
17.00,230,723.36,0.00,16.49,0.00,-0.10,699.10,644.40
17.00,231,713.45,1.00,16.77,0.00,0.10,701.12,679.75
17.00,232,694.30,2.00,15.79,0.00,0.09,671.20,743.27
17.00,233,689.95,0.00,16.58,0.00,-0.12,640.21,710.35
17.00,234,679.45,1.00,16.68,0.00,0.11,631.85,745.63
17.00,235,657.72,2.00,15.63,0.00,-0.09,589.51,797.28
17.00,236,656.65,0.00,16.58,0.00,0.08,566.95,757.98
17.00,237,646.24,1.00,16.65,0.00,0.09,549.60,789.99
17.00,238,628.99,2.00,15.75,0.00,-0.23,508.42,825.97
17.00,239,623.03,0.00,16.61,0.00,-0.08,482.48,785.26
17.00,240,612.89,1.00,16.66,0.00,-0.01,458.18,811.34
17.00,241,599.69,2.00,15.92,0.00,0.06,421.76,835.69
17.00,242,589.70,0.00,16.66,0.00,-0.08,394.96,789.22
17.00,243,579.48,1.00,16.72,0.00,-0.00,364.21,808.04
17.00,244,569.54,2.00,16.29,0.00,-0.27,331.87,824.39
17.00,245,555.81,0.00,16.66,0.00,0.08,307.54,769.58
17.00,246,544.90,1.00,16.68,0.00,-0.08,271.34,778.97
17.00,247,538.27,2.00,16.72,0.00,0.00,244.41,790.60
17.00,248,522.52,0.00,16.58,0.00,0.00,229.71,728.33
17.00,249,511.10,1.00,16.47,0.00,0.09,191.75,727.11
17.00,250,505.79,2.00,17.02,0.00,0.08,164.45,733.07
17.00,251,489.69,0.00,16.47,0.00,-0.10,167.13,670.04
17.00,252,478.19,1.00,16.57,0.00,0.02,129.95,658.06
17.00,253,473.16,2.00,17.10,0.00,0.06,102.72,657.72
17.00,254,455.93,0.00,16.57,0.00,-0.11,119.82,593.99
17.00,255,445.06,1.00,16.54,0.00,0.14,87.89,574.90
17.00,256,439.95,2.00,17.17,0.00,-0.15,61.74,567.61
17.00,257,422.25,0.00,16.57,0.00,0.00,94.54,508.96
17.00,258,412.19,1.00,16.63,0.00,0.08,68.92,484.29
17.00,259,406.40,2.00,17.28,0.00,-0.13,45.51,468.30
17.00,260,388.57,0.00,16.60,0.00,0.11,92.56,420.48
17.00,261,378.35,1.00,16.71,0.00,0.02,74.53,389.16
17.00,262,371.11,2.00,17.14,0.00,-0.10,60.40,351.83
17.00,263,355.54,0.00,16.58,0.00,0.17,113.60,335.60
17.00,264,344.74,1.00,16.73,0.00,-0.07,104.87,299.57
17.00,265,330.19,2.00,16.95,0.00,0.12,106.50,251.10
17.00,266,321.29,0.00,16.54,0.00,0.12,157.34,257.28
17.00,267,311.61,1.00,16.67,0.00,-0.10,156.85,222.21
17.00,268,296.47,2.00,16.57,0.00,0.10,180.56,167.52
17.00,269,288.24,0.00,16.63,0.00,0.04,218.60,194.94
17.00,270,278.02,1.00,16.71,0.00,0.02,228.22,160.23
17.00,201,256.90,2.00,16.37,0.00,0.02,271.35,111.21
17.00,200,255.87,0.00,16.41,0.00,-0.04,292.04,151.48
17.00,204,236.35,1.00,17.67,0.00,0.01,335.83,112.73
17.00,202,227.44,2.00,16.19,0.00,0.05,355.83,85.31
17.00,203,223.14,0.00,16.04,0.00,0.08,375.02,127.95
17.00,207,198.45,1.00,17.90,0.00,-0.06,442.03,102.23
17.00,205,195.70,2.00,16.13,0.00,0.13,450.47,80.19
17.00,206,191.77,0.00,15.73,0.00,0.06,457.46,126.14
17.00,208,165.76,2.00,15.80,0.00,-0.06,538.49,97.10
17.00,209,160.63,0.00,15.69,0.00,0.09,537.37,144.47
17.00,210,160.22,1.00,17.59,0.00,0.19,547.12,123.97
17.00,211,135.48,2.00,15.66,0.00,-0.02,630.64,140.93
17.00,212,128.35,0.00,15.94,0.00,-0.06,613.17,183.66
17.00,213,124.24,1.00,17.33,0.00,0.20,635.93,172.17
17.00,214,99.73,2.00,15.51,0.00,0.08,703.33,202.91
17.00,215,95.77,0.00,16.12,0.00,0.12,676.73,241.10
17.00,216,89.89,1.00,17.02,0.00,0.04,704.76,239.78
17.00,217,70.63,2.00,15.49,0.00,-0.16,753.83,273.17
17.00,218,63.83,0.00,16.18,0.00,-0.14,723.01,311.75
17.00,219,55.41,1.00,16.78,0.00,0.08,753.09,323.76
17.00,220,39.84,2.00,15.73,0.00,-0.26,791.71,370.85
17.00,221,31.02,0.00,16.32,0.00,0.01,750.59,394.19
17.00,222,21.44,1.00,16.74,0.00,0.19,776.84,416.30
17.00,223,3.45,2.00,15.96,0.00,-0.02,801.89,456.72
18.00,226,778.84,2.00,15.99,0.00,-0.09,795.16,528.31
18.00,227,773.02,0.00,16.42,0.00,0.14,749.87,523.95
18.00,228,763.34,1.00,16.71,0.00,0.14,765.37,555.43
18.00,229,741.56,2.00,15.85,0.00,-0.11,763.89,622.33
18.00,230,739.83,0.00,16.47,0.00,-0.08,721.19,606.77
18.00,231,730.23,1.00,16.83,0.00,0.14,728.16,640.91
18.00,232,710.12,2.00,15.80,0.00,-0.07,705.02,710.03
18.00,233,706.55,0.00,16.59,0.00,-0.14,671.64,679.57
18.00,234,696.11,1.00,16.68,0.00,0.04,668.04,715.66
18.00,235,673.34,2.00,15.64,0.00,0.01,630.21,774.20
18.00,236,673.21,0.00,16.55,0.00,-0.05,605.31,736.49
18.00,237,662.93,1.00,16.75,0.00,0.15,592.36,770.42
18.00,238,644.74,2.00,15.72,0.00,-0.19,553.75,812.50
18.00,239,639.62,0.00,16.58,0.00,-0.06,524.85,774.68
18.00,240,629.54,1.00,16.64,0.00,0.03,504.54,803.69
18.00,241,615.57,2.00,15.92,0.00,0.04,469.25,832.89
18.00,242,606.35,0.00,16.67,0.00,0.09,439.09,790.11
18.00,243,596.24,1.00,16.75,0.00,-0.11,411.21,812.81
18.00,244,585.79,2.00,16.17,0.00,-0.24,379.73,833.09
18.00,245,572.48,0.00,16.70,0.00,0.11,349.76,782.16
18.00,246,561.62,1.00,16.75,0.00,0.04,315.23,796.21
18.00,247,554.95,2.00,16.65,0.00,-0.07,289.78,811.20
18.00,248,539.12,0.00,16.63,0.00,0.08,267.11,751.46
18.00,249,527.63,1.00,16.60,0.00,0.10,228.95,755.12
18.00,250,522.80,2.00,17.03,0.00,0.04,204.77,766.00
18.00,251,506.18,0.00,16.50,0.00,-0.08,196.25,700.99
18.00,252,494.76,1.00,16.59,0.00,0.08,158.79,694.82
18.00,253,490.26,2.00,17.12,0.00,0.01,132.51,699.09
18.00,254,472.54,0.00,16.62,0.00,0.04,140.50,632.90
18.00,255,461.62,1.00,16.56,0.00,0.01,106.18,617.85
18.00,256,457.17,2.00,17.27,0.00,0.00,79.98,615.53
18.00,257,438.83,0.00,16.56,0.00,-0.06,104.18,551.81
18.00,258,428.83,1.00,16.63,0.00,-0.08,75.55,530.72
18.00,259,423.71,2.00,17.34,0.00,-0.11,50.50,519.69
18.00,260,405.21,0.00,16.65,0.00,-0.01,90.57,463.87
18.00,261,395.05,1.00,16.72,0.00,0.05,68.59,435.89
18.00,262,388.28,2.00,17.20,0.00,0.05,49.44,401.86
18.00,263,372.10,0.00,16.60,0.00,0.17,100.26,377.49
18.00,264,361.48,1.00,16.74,0.00,0.07,86.73,343.18
18.00,265,347.18,2.00,17.03,0.00,0.12,81.37,296.27
18.00,266,337.87,0.00,16.61,0.00,0.18,133.31,293.99
18.00,267,328.29,1.00,16.72,0.00,0.10,128.13,259.46
18.00,268,313.09,2.00,16.67,0.00,0.12,144.76,201.84
18.00,269,304.86,0.00,16.63,0.00,0.01,185.76,224.26
18.00,270,294.74,1.00,16.75,0.00,0.13,190.65,188.70
18.00,201,273.31,2.00,16.46,0.00,0.14,227.85,133.78
18.00,200,272.29,0.00,16.42,0.00,0.07,253.32,171.21
18.00,204,253.99,1.00,17.64,0.00,-0.06,288.58,128.36
18.00,202,243.66,2.00,16.26,0.00,-0.02,308.78,97.00
18.00,203,239.21,0.00,16.15,0.00,0.21,333.51,136.80
18.00,207,216.39,1.00,17.99,0.00,0.10,391.48,103.27
18.00,205,211.86,2.00,16.18,0.00,-0.03,402.20,79.81
18.00,206,207.51,0.00,15.80,0.00,0.20,415.99,124.49
18.00,208,181.59,2.00,15.86,0.00,-0.04,492.56,85.54
18.00,210,177.87,1.00,17.72,0.00,0.07,499.42,110.01
18.00,209,176.32,0.00,15.72,0.00,0.01,497.66,132.76
18.00,211,151.16,2.00,15.69,0.00,-0.13,589.67,117.64
18.00,212,144.29,0.00,15.93,0.00,-0.09,577.09,161.92
18.00,213,141.61,1.00,17.39,0.00,0.03,594.73,145.74
18.00,214,115.25,2.00,15.55,0.00,0.05,669.91,170.45
18.00,215,111.86,0.00,16.07,0.00,-0.10,647.01,210.50
18.00,216,106.94,1.00,17.09,0.00,0.03,672.87,203.86
18.00,217,86.15,2.00,15.56,0.00,0.06,728.73,234.04
18.00,218,80.02,0.00,16.17,0.00,-0.02,701.78,274.44
18.00,219,72.20,1.00,16.80,0.00,-0.04,732.39,281.17
18.00,220,55.51,2.00,15.64,0.00,-0.24,778.09,325.77
18.00,221,47.33,0.00,16.27,0.00,-0.09,739.57,352.32
18.00,222,38.18,1.00,16.77,0.00,0.19,768.33,369.88
18.00,223,19.35,2.00,15.86,0.00,-0.25,799.84,419.58
18.00,224,14.75,0.00,16.39,0.00,-0.08,756.09,437.03
18.00,225,4.59,1.00,16.72,0.00,0.15,779.32,457.42
19.00,227,789.47,0.00,16.47,0.00,-0.04,755.82,480.75
19.00,228,780.06,1.00,16.76,0.00,0.05,775.34,509.36
19.00,229,757.39,2.00,15.82,0.00,-0.13,781.87,578.45
19.00,230,756.30,0.00,16.48,0.00,0.14,738.08,566.80
19.00,231,747.08,1.00,16.82,0.00,-0.12,749.89,598.67
19.00,232,725.90,2.00,15.77,0.00,-0.14,734.39,672.86
19.00,233,723.12,0.00,16.54,0.00,-0.15,698.71,644.98
19.00,234,712.85,1.00,16.79,0.00,0.10,700.09,681.08
19.00,236,689.81,0.00,16.62,0.00,-0.14,639.92,710.61
19.00,235,689.00,2.00,15.70,0.00,0.00,667.84,746.19
19.00,237,679.66,1.00,16.77,0.00,0.10,632.30,745.31
19.00,238,660.44,2.00,15.70,0.00,0.05,596.91,793.54
19.00,239,656.20,0.00,16.59,0.00,0.14,565.80,758.52
19.00,240,646.19,1.00,16.64,0.00,-0.07,549.47,790.03
19.00,241,631.50,2.00,15.93,0.00,-0.03,516.10,824.14
19.00,242,623.03,0.00,16.67,0.00,-0.07,482.50,785.25
19.00,243,612.97,1.00,16.76,0.00,0.03,458.36,811.32
19.00,244,601.93,2.00,16.14,0.00,0.02,427.96,835.59
19.00,245,589.20,0.00,16.72,0.00,0.04,393.52,789.08
19.00,246,578.36,1.00,16.75,0.00,0.09,361.07,807.51
19.00,247,571.53,2.00,16.51,0.00,-0.26,337.20,825.63
19.00,248,555.75,0.00,16.65,0.00,0.15,307.38,769.53
19.00,249,544.22,1.00,16.61,0.00,0.14,269.70,778.14
19.00,250,539.76,2.00,16.91,0.00,-0.07,248.04,792.45
19.00,251,522.68,0.00,16.52,0.00,0.15,230.11,728.60
19.00,252,511.32,1.00,16.52,0.00,-0.12,192.20,727.50
19.00,253,507.36,2.00,17.10,0.00,0.04,168.62,736.86
19.00,254,489.18,0.00,16.67,0.00,0.14,166.18,668.83
19.00,255,478.22,1.00,16.61,0.00,-0.09,129.98,658.11
19.00,256,474.40,2.00,17.20,0.00,-0.04,104.52,660.65
19.00,257,455.43,0.00,16.66,0.00,0.09,119.22,592.68
19.00,258,445.50,1.00,16.70,0.00,0.09,88.27,575.96
19.00,259,441.07,2.00,17.36,0.00,-0.07,62.66,570.52
19.00,260,421.85,0.00,16.68,0.00,0.16,94.36,507.80
19.00,261,411.79,1.00,16.77,0.00,-0.02,68.84,483.07
19.00,262,405.52,2.00,17.30,0.00,0.13,45.35,453.83
19.00,263,388.68,0.00,16.61,0.00,0.09,92.53,420.81
19.00,264,378.25,1.00,16.80,0.00,0.10,74.59,388.84
19.00,265,364.28,2.00,17.18,0.00,0.16,62.86,343.68
19.00,266,354.46,0.00,16.59,0.00,-0.07,114.69,332.74
19.00,267,345.01,1.00,16.71,0.00,0.03,104.52,300.27
19.00,268,329.83,2.00,16.82,0.00,0.17,113.57,240.75
19.00,269,321.47,0.00,16.64,0.00,0.13,157.07,257.63
19.00,270,311.48,1.00,16.71,0.00,-0.08,157.10,221.93
19.00,201,289.80,2.00,16.54,0.00,-0.04,187.40,161.97
19.00,200,288.73,0.00,16.45,0.00,-0.07,217.45,195.84
19.00,204,271.64,1.00,17.65,0.00,-0.09,244.00,150.48
19.00,202,259.94,2.00,16.30,0.00,-0.03,263.45,114.65
19.00,203,255.44,0.00,16.29,0.00,0.08,293.09,151.02
19.00,207,234.40,1.00,18.04,0.00,0.14,341.38,111.44
19.00,205,228.07,2.00,16.26,0.00,0.13,354.12,85.60
19.00,206,223.35,0.00,15.91,0.00,0.06,374.35,128.05
19.00,208,197.48,2.00,15.95,0.00,0.19,445.39,79.80
19.00,210,195.62,1.00,17.77,0.00,0.06,449.91,102.80
19.00,209,192.03,0.00,15.70,0.00,-0.03,456.74,126.07
19.00,211,166.87,2.00,15.72,0.00,-0.09,546.19,99.66
19.00,212,160.25,0.00,15.99,0.00,0.10,538.54,144.89
19.00,213,159.09,1.00,17.56,0.00,0.17,550.11,125.05
19.00,214,130.77,2.00,15.49,0.00,-0.11,632.69,142.31
19.00,215,127.92,0.00,16.06,0.00,0.09,614.22,184.38
19.00,216,124.04,1.00,17.14,0.00,-0.01,636.31,172.44
19.00,217,101.70,2.00,15.56,0.00,0.04,698.93,198.20
19.00,218,96.20,0.00,16.22,0.00,0.08,675.97,240.21
19.00,219,89.09,1.00,16.93,0.00,0.07,706.11,241.53
19.00,220,71.14,2.00,15.62,0.00,-0.15,759.05,282.87
19.00,221,63.57,0.00,16.22,0.00,0.04,723.33,312.41
19.00,222,54.95,1.00,16.81,0.00,0.14,753.59,324.95
19.00,223,35.11,2.00,15.71,0.00,-0.18,792.15,372.84
19.00,224,31.14,0.00,16.40,0.00,-0.16,750.52,393.89
19.00,225,21.29,1.00,16.71,0.00,0.08,776.88,416.73
19.00,226,3.11,2.00,15.90,0.00,-0.18,801.22,479.50
20.00,229,773.18,2.00,15.79,0.00,0.03,794.19,532.75
20.00,230,772.76,0.00,16.47,0.00,-0.05,749.71,524.68
20.00,231,763.88,1.00,16.78,0.00,-0.07,765.78,554.00
20.00,232,741.69,2.00,15.82,0.00,-0.01,758.87,632.34
20.00,233,739.65,0.00,16.53,0.00,0.11,720.95,607.25
20.00,234,729.67,1.00,16.85,0.00,0.16,727.34,642.30
20.00,236,706.43,0.00,16.59,0.00,-0.09,671.42,679.82
20.00,235,704.69,2.00,15.69,0.00,0.02,702.00,713.43
20.00,237,696.42,1.00,16.76,0.00,0.11,668.65,715.10
20.00,238,676.14,2.00,15.71,0.00,-0.08,637.36,769.37
20.00,239,672.83,0.00,16.66,0.00,0.03,604.36,737.09
20.00,240,662.85,1.00,16.66,0.00,-0.01,592.18,770.51
20.00,241,647.40,2.00,15.85,0.00,-0.22,561.45,809.59
20.00,242,639.73,0.00,16.72,0.00,0.01,525.10,774.59
20.00,243,629.73,1.00,16.77,0.00,0.14,505.00,803.59
20.00,244,618.02,2.00,16.06,0.00,-0.15,476.00,831.96
20.00,245,605.95,0.00,16.75,0.00,-0.06,437.90,790.15
20.00,246,595.10,1.00,16.76,0.00,0.11,407.99,812.69
20.00,247,587.97,2.00,16.38,0.00,-0.16,385.99,833.75
20.00,248,572.41,0.00,16.65,0.00,-0.10,349.60,782.13
20.00,249,560.85,1.00,16.64,0.00,-0.07,313.19,795.60
20.00,250,556.63,2.00,16.85,0.00,-0.11,294.14,812.79
20.00,251,539.21,0.00,16.58,0.00,0.12,267.37,751.59
20.00,252,527.88,1.00,16.61,0.00,0.18,229.54,755.52
20.00,253,524.44,2.00,17.05,0.00,-0.07,208.59,768.60
20.00,254,505.85,0.00,16.68,0.00,0.01,196.41,701.14
20.00,255,494.83,1.00,16.61,0.00,0.08,158.92,694.97
20.00,256,491.62,2.00,17.27,0.00,0.01,135.72,702.83
20.00,257,472.10,0.00,16.70,0.00,0.06,139.83,631.80
20.00,258,462.19,1.00,16.69,0.00,-0.01,106.87,619.20
20.00,259,458.44,2.00,17.42,0.00,0.07,81.43,618.72
20.00,260,438.53,0.00,16.67,0.00,-0.12,103.93,550.96
20.00,261,428.57,1.00,16.80,0.00,-0.01,75.37,529.93
20.00,262,422.83,2.00,17.33,0.00,-0.11,48.38,505.27
20.00,263,405.32,0.00,16.65,0.00,-0.04,90.58,464.18
20.00,264,395.04,1.00,16.82,0.00,0.16,68.60,435.81
20.00,265,381.50,2.00,17.29,0.00,0.11,50.67,394.07
20.00,266,371.05,0.00,16.60,0.00,-0.10,100.99,374.59
20.00,267,361.71,1.00,16.70,0.00,-0.02,86.51,343.80
20.00,268,346.67,2.00,16.89,0.00,0.19,87.44,284.04
20.00,269,338.12,0.00,16.68,0.00,-0.01,132.97,294.57
20.00,270,328.24,1.00,16.77,0.00,0.01,128.24,259.31
20.00,201,306.40,2.00,16.64,0.00,-0.09,150.74,195.39
20.00,200,305.23,0.00,16.51,0.00,-0.02,184.98,225.04
20.00,204,289.26,1.00,17.58,0.00,-0.11,202.94,178.51
20.00,202,276.23,2.00,16.34,0.00,0.16,219.55,138.81
20.00,203,271.75,0.00,16.34,0.00,-0.03,254.59,170.46
20.00,207,252.44,1.00,18.05,0.00,-0.06,292.82,126.59
20.00,205,244.32,2.00,16.28,0.00,0.16,307.02,97.52
20.00,206,239.33,0.00,16.04,0.00,0.07,333.14,136.91
20.00,210,213.51,1.00,18.00,0.00,0.21,399.59,102.54
20.00,208,213.47,2.00,16.00,0.00,-0.04,396.62,80.10
20.00,209,207.75,0.00,15.73,0.00,0.12,415.27,124.51
20.00,211,182.58,2.00,15.73,0.00,-0.00,500.80,87.20
20.00,213,176.68,1.00,17.64,0.00,0.00,502.64,110.73
20.00,212,176.23,0.00,15.99,0.00,-0.05,498.05,132.85
20.00,214,146.31,2.00,15.60,0.00,0.04,592.34,118.98
20.00,215,144.00,0.00,16.09,0.00,0.08,577.89,162.32
20.00,216,141.20,1.00,17.17,0.00,-0.03,595.64,146.24
20.00,217,117.24,2.00,15.54,0.00,-0.11,664.98,166.32
20.00,218,112.41,0.00,16.20,0.00,-0.05,646.32,209.88
20.00,219,106.09,1.00,17.02,0.00,-0.06,674.55,205.54
20.00,220,86.70,2.00,15.52,0.00,-0.04,734.93,242.78
20.00,221,79.83,0.00,16.23,0.00,-0.13,702.10,274.93
20.00,222,71.82,1.00,16.94,0.00,0.18,732.96,282.16
20.00,223,50.81,2.00,15.67,0.00,-0.22,778.77,327.65
20.00,224,47.54,0.00,16.39,0.00,-0.09,739.40,351.82
20.00,225,38.00,1.00,16.72,0.00,0.07,768.45,370.36
20.00,226,18.97,2.00,15.86,0.00,-0.02,800.99,431.93
20.00,227,14.27,0.00,16.48,0.00,-0.12,756.08,437.04
20.00,228,5.18,1.00,16.81,0.00,-0.04,779.32,457.42
21.00,230,789.25,0.00,16.52,0.00,0.12,755.76,481.38
21.00,229,788.98,2.00,15.78,0.00,-0.10,800.71,485.89
21.00,231,780.68,1.00,16.83,0.00,0.12,775.60,507.67
21.00,232,757.54,2.00,15.86,0.00,0.03,778.16,588.91
21.00,233,756.20,0.00,16.57,0.00,0.07,737.97,567.11
21.00,234,746.51,1.00,16.82,0.00,-0.10,749.25,600.14
21.00,236,723.01,0.00,16.54,0.00,-0.07,698.53,645.25
21.00,235,720.41,2.00,15.71,0.00,-0.15,731.98,676.40
21.00,237,713.17,1.00,16.74,0.00,-0.07,700.66,680.36
21.00,238,691.86,2.00,15.73,0.00,0.08,674.52,740.34
21.00,239,689.53,0.00,16.69,0.00,-0.06,639.29,711.17
21.00,240,679.54,1.00,16.71,0.00,0.03,632.03,745.50
21.00,241,663.20,2.00,15.77,0.00,-0.04,604.39,789.58
21.00,242,656.47,0.00,16.72,0.00,-0.13,566.42,758.23
21.00,243,646.48,1.00,16.76,0.00,0.09,550.18,789.77
21.00,244,634.03,2.00,15.94,0.00,-0.20,522.98,822.32
21.00,245,622.75,0.00,16.81,0.00,0.07,482.14,785.31
21.00,246,611.88,1.00,16.82,0.00,0.02,455.27,811.61
21.00,247,604.32,2.00,16.34,0.00,-0.12,434.96,835.44
21.00,248,589.09,0.00,16.72,0.00,0.19,393.22,789.05
21.00,249,577.51,1.00,16.70,0.00,0.10,358.74,807.12
21.00,250,573.40,2.00,16.73,0.00,-0.14,342.43,826.82
21.00,251,555.77,0.00,16.58,0.00,0.09,307.48,769.56
21.00,252,544.46,1.00,16.56,0.00,0.07,270.32,778.45
21.00,253,541.52,2.00,17.07,0.00,-0.11,252.40,794.68
21.00,254,522.53,0.00,16.69,0.00,-0.07,229.68,728.31
21.00,255,511.43,1.00,16.60,0.00,-0.06,192.39,727.67
21.00,256,508.92,2.00,17.31,0.00,-0.02,171.83,739.69
21.00,257,488.83,0.00,16.73,0.00,-0.10,165.53,668.02
21.00,258,478.86,1.00,16.65,0.00,-0.10,130.99,659.59
21.00,259,475.90,2.00,17.48,0.00,-0.17,107.34,664.98
21.00,260,455.25,0.00,16.71,0.00,-0.10,119.15,592.51
21.00,261,445.39,1.00,16.83,0.00,-0.02,88.14,575.60
21.00,262,440.15,2.00,17.34,0.00,-0.05,58.57,556.75
21.00,263,422.00,0.00,16.73,0.00,0.16,94.42,508.19
21.00,264,411.87,1.00,16.88,0.00,0.15,68.85,483.24
21.00,265,398.81,2.00,17.37,0.00,0.14,45.54,445.43
21.00,266,387.72,0.00,16.73,0.00,0.15,92.86,418.04
21.00,267,378.41,1.00,16.73,0.00,0.02,74.50,389.34
21.00,268,363.61,2.00,17.02,0.00,0.19,67.31,330.42
21.00,269,354.82,0.00,16.75,0.00,0.13,114.35,333.63
21.00,270,345.00,1.00,16.80,0.00,0.13,104.54,300.22
21.00,201,323.08,2.00,16.71,0.00,0.07,117.98,234.44
21.00,200,321.78,0.00,16.61,0.00,0.17,156.52,258.33
21.00,204,306.84,1.00,17.58,0.00,0.06,166.23,211.85
21.00,202,292.63,2.00,16.44,0.00,-0.03,180.17,167.87
21.00,203,288.10,0.00,16.40,0.00,0.20,218.82,194.77
21.00,207,270.46,1.00,18.01,0.00,0.09,247.04,148.68
21.00,205,260.65,2.00,16.39,0.00,0.09,260.46,116.07
21.00,206,255.38,0.00,16.10,0.00,0.15,293.14,151.00
21.00,210,231.50,1.00,18.01,0.00,0.12,349.36,109.63
21.00,208,229.52,2.00,16.11,0.00,0.06,348.83,86.60
21.00,209,223.51,0.00,15.77,0.00,-0.06,373.85,128.13
21.00,211,198.32,2.00,15.75,0.00,0.00,454.17,80.47
21.00,213,194.36,1.00,17.70,0.00,0.07,453.43,103.07
21.00,212,192.23,0.00,15.98,0.00,-0.02,456.33,126.03
21.00,214,161.90,2.00,15.60,0.00,-0.00,549.25,100.73
21.00,215,160.10,0.00,16.10,0.00,-0.03,539.00,145.06
21.00,216,158.46,1.00,17.31,0.00,0.07,551.61,125.65
21.00,217,132.77,2.00,15.56,0.00,0.05,627.38,138.86
21.00,218,128.61,0.00,16.18,0.00,-0.05,612.68,183.33
21.00,219,123.13,1.00,17.09,0.00,0.11,638.32,173.99
21.00,220,102.23,2.00,15.57,0.00,0.04,706.15,206.10
21.00,221,96.05,0.00,16.25,0.00,0.16,676.27,240.55
21.00,222,88.77,1.00,16.95,0.00,0.09,706.67,242.25
21.00,223,66.40,2.00,15.55,0.00,0.01,759.98,284.69
21.00,224,63.89,0.00,16.35,0.00,0.03,722.96,311.66
21.00,225,54.75,1.00,16.82,0.00,0.20,753.81,325.47
21.00,226,34.81,2.00,15.81,0.00,-0.02,794.80,384.88
21.00,227,30.77,0.00,16.50,0.00,0.04,750.76,394.97
21.00,228,21.99,1.00,16.77,0.00,-0.14,776.70,414.80
22.00,232,773.41,2.00,15.88,0.00,-0.11,791.86,543.34
22.00,233,772.82,0.00,16.66,0.00,0.06,749.72,524.62
22.00,234,763.38,1.00,16.90,0.00,-0.01,765.37,555.43
22.00,236,739.56,0.00,16.57,0.00,0.19,720.82,607.49
22.00,235,736.12,2.00,15.76,0.00,0.06,756.88,636.24
22.00,237,729.93,1.00,16.79,0.00,0.06,727.73,641.64
22.00,238,707.60,2.00,15.76,0.00,-0.05,707.81,706.86
22.00,239,706.19,0.00,16.66,0.00,0.05,670.95,680.36
22.00,240,696.27,1.00,16.72,0.00,-0.08,668.34,715.39
22.00,241,678.97,2.00,15.80,0.00,0.05,644.38,764.44
22.00,242,673.17,0.00,16.67,0.00,-0.02,605.16,736.59
22.00,243,663.26,1.00,16.81,0.00,0.06,593.14,769.98
22.00,244,649.93,2.00,15.89,0.00,-0.10,568.06,806.94
22.00,245,639.57,0.00,16.83,0.00,0.05,524.60,774.76
22.00,246,628.72,1.00,16.83,0.00,-0.12,502.16,804.23
22.00,247,620.62,2.00,16.24,0.00,-0.20,483.58,830.82
22.00,248,605.87,0.00,16.84,0.00,0.05,437.62,790.16
22.00,249,594.24,1.00,16.73,0.00,0.02,405.58,812.58
22.00,250,590.07,2.00,16.60,0.00,-0.21,391.79,834.30
22.00,251,572.42,0.00,16.69,0.00,0.19,349.61,782.13
22.00,252,561.05,1.00,16.59,0.00,-0.09,313.77,795.77
22.00,253,558.57,2.00,17.06,0.00,0.01,299.26,814.63
22.00,254,539.21,0.00,16.69,0.00,0.11,267.30,751.56
22.00,255,528.00,1.00,16.58,0.00,0.04,229.82,755.71
22.00,256,526.22,2.00,17.31,0.00,-0.00,212.65,771.36
22.00,257,505.57,0.00,16.72,0.00,-0.12,195.83,700.57
22.00,258,495.50,1.00,16.64,0.00,0.01,160.16,696.35
22.00,259,493.38,2.00,17.48,0.00,-0.12,138.93,706.47
22.00,260,472.00,0.00,16.77,0.00,0.09,139.66,631.53
22.00,261,462.22,1.00,16.81,0.00,-0.14,106.87,619.20
22.00,262,457.53,2.00,17.41,0.00,0.00,75.62,605.68
22.00,263,438.79,0.00,16.82,0.00,0.01,104.12,551.58
22.00,264,428.80,1.00,16.97,0.00,0.09,75.49,530.47
22.00,265,416.21,2.00,17.46,0.00,0.08,47.43,497.24
22.00,266,404.48,0.00,16.78,0.00,0.02,90.53,462.46
22.00,267,395.21,1.00,16.84,0.00,0.06,68.57,436.27
22.00,268,380.66,2.00,17.12,0.00,0.20,53.47,379.36
22.00,269,371.58,0.00,16.72,0.00,-0.13,100.64,375.96
22.00,270,361.80,1.00,16.81,0.00,0.15,86.44,344.01
22.00,201,339.86,2.00,16.81,0.00,0.03,91.29,276.73
22.00,200,338.42,0.00,16.68,0.00,0.10,133.05,294.40
22.00,204,324.38,1.00,17.51,0.00,-0.05,134.67,250.00
22.00,202,309.08,2.00,16.47,0.00,-0.09,144.71,201.90
22.00,203,304.51,0.00,16.47,0.00,0.21,186.39,223.62
22.00,207,288.46,1.00,18.00,0.00,-0.02,204.89,176.99
22.00,205,277.07,2.00,16.42,0.00,-0.11,217.64,140.11
22.00,206,271.54,0.00,16.20,0.00,-0.04,255.02,170.20
22.00,210,249.55,1.00,18.08,0.00,0.05,300.51,123.79
22.00,208,245.65,2.00,16.13,0.00,-0.01,302.18,99.17
22.00,209,239.29,0.00,15.84,0.00,0.18,333.13,136.91
22.00,211,214.13,2.00,15.83,0.00,-0.14,406.88,79.60
22.00,213,212.13,1.00,17.84,0.00,0.01,403.39,102.37
22.00,212,208.19,0.00,15.99,0.00,0.04,414.17,124.54
22.00,214,177.51,2.00,15.65,0.00,0.01,504.18,87.93
22.00,215,176.22,0.00,16.15,0.00,0.07,498.17,132.88
22.00,216,175.82,1.00,17.42,0.00,0.07,504.89,111.23
22.00,217,148.32,2.00,15.56,0.00,-0.05,586.64,116.21
22.00,218,144.79,0.00,16.19,0.00,0.01,575.97,161.34
22.00,219,140.28,1.00,17.20,0.00,0.13,597.94,147.50
22.00,220,117.80,2.00,15.59,0.00,-0.04,673.00,173.17
22.00,221,112.28,0.00,16.22,0.00,-0.08,646.60,210.13
22.00,222,105.70,1.00,16.92,0.00,0.00,675.27,206.26
22.00,223,81.91,2.00,15.47,0.00,-0.14,736.17,244.61
22.00,224,80.22,0.00,16.30,0.00,0.05,701.51,274.03
22.00,225,71.56,1.00,16.83,0.00,0.09,733.29,282.75
22.00,226,50.62,2.00,15.84,0.00,0.01,782.80,339.08
22.00,227,47.24,0.00,16.47,0.00,-0.10,739.69,352.66
22.00,228,38.76,1.00,16.75,0.00,-0.00,767.88,368.31
22.00,230,14.07,0.00,16.48,0.00,-0.04,756.09,437.60
22.00,229,13.10,2.00,15.80,0.00,-0.18,801.32,438.55
22.00,231,5.84,1.00,16.86,0.00,0.14,779.32,457.42
23.00,233,789.45,0.00,16.59,0.00,-0.07,755.81,480.87
23.00,232,789.28,2.00,15.88,0.00,0.00,799.73,496.39
23.00,234,780.27,1.00,16.90,0.00,0.07,775.42,508.85
23.00,236,756.13,0.00,16.59,0.00,0.02,737.90,567.30
23.00,235,751.92,2.00,15.83,0.00,0.10,776.62,593.18
23.00,237,746.74,1.00,16.87,0.00,0.17,749.51,599.55
23.00,238,723.34,2.00,15.76,0.00,0.07,736.69,669.48
23.00,239,722.87,0.00,16.66,0.00,-0.11,698.28,645.62
23.00,240,713.01,1.00,16.76,0.00,-0.03,700.37,680.72
23.00,241,694.74,2.00,15.76,0.00,0.06,680.94,734.51
23.00,242,689.87,0.00,16.70,0.00,-0.14,640.01,710.53
23.00,243,680.05,1.00,16.79,0.00,0.08,633.17,744.67
23.00,244,665.81,2.00,15.84,0.00,-0.17,611.27,785.78
23.00,245,656.41,0.00,16.84,0.00,0.05,566.20,758.33
23.00,246,645.58,1.00,16.88,0.00,0.14,547.72,790.66
23.00,247,636.80,2.00,16.12,0.00,-0.14,530.91,820.06
23.00,248,622.73,0.00,16.86,0.00,-0.10,482.06,785.32
23.00,249,611.01,1.00,16.81,0.00,0.15,452.82,811.82
23.00,250,606.60,2.00,16.51,0.00,-0.02,441.30,835.24
23.00,251,589.12,0.00,16.75,0.00,0.19,393.30,789.06
23.00,252,577.67,1.00,16.64,0.00,0.12,359.21,807.20
23.00,253,575.59,2.00,17.00,0.00,-0.05,348.30,828.13
23.00,254,555.91,0.00,16.72,0.00,0.03,307.77,769.67
23.00,255,544.61,1.00,16.63,0.00,0.12,270.66,778.63
23.00,256,543.53,2.00,17.32,0.00,-0.03,257.35,797.20
23.00,257,522.35,0.00,16.83,0.00,0.12,229.20,727.98
23.00,258,512.13,1.00,16.62,0.00,-0.16,193.88,728.97
23.00,259,510.84,2.00,17.43,0.00,-0.12,175.94,743.29
23.00,260,488.78,0.00,16.80,0.00,0.10,165.43,667.89
23.00,261,479.01,1.00,16.81,0.00,0.11,131.19,659.87
23.00,262,474.99,2.00,17.52,0.00,0.03,99.25,652.01
23.00,263,455.61,0.00,16.83,0.00,0.05,119.39,593.05
23.00,264,445.77,1.00,16.95,0.00,-0.08,88.48,576.53
23.00,265,433.70,2.00,17.53,0.00,0.11,56.63,549.10
23.00,266,421.28,0.00,16.85,0.00,0.07,94.09,506.13
23.00,267,412.07,1.00,16.87,0.00,-0.06,68.89,483.80
23.00,268,397.81,2.00,17.21,0.00,0.12,46.28,430.75
23.00,269,388.32,0.00,16.79,0.00,0.01,92.66,419.69
23.00,270,378.61,1.00,16.80,0.00,-0.06,74.41,389.84
23.00,201,356.68,2.00,16.87,0.00,0.15,70.31,322.32
23.00,200,355.15,0.00,16.75,0.00,0.09,114.03,334.48
23.00,204,341.87,1.00,17.47,0.00,0.02,108.76,292.00
23.00,202,325.63,2.00,16.61,0.00,0.16,113.83,240.38
23.00,203,321.00,0.00,16.52,0.00,0.00,157.84,256.63
23.00,207,306.43,1.00,17.92,0.00,-0.11,167.17,210.90
23.00,205,293.47,2.00,16.40,0.00,-0.11,178.35,169.45
23.00,206,287.77,0.00,16.23,0.00,0.07,219.50,194.25
23.00,210,267.70,1.00,18.17,0.00,0.01,253.88,144.78
23.00,208,261.85,2.00,16.28,0.00,0.07,257.37,117.65
23.00,209,255.15,0.00,15.93,0.00,0.23,293.64,150.79
23.00,213,230.05,1.00,17.97,0.00,0.06,353.32,108.75
23.00,211,230.01,2.00,15.91,0.00,-0.04,359.64,84.67
23.00,212,224.18,0.00,16.00,0.00,-0.07,372.10,128.41
23.00,216,193.31,1.00,17.56,0.00,0.02,456.29,103.34
23.00,214,193.18,2.00,15.68,0.00,-0.11,457.72,80.78
23.00,215,192.33,0.00,16.05,0.00,-0.10,456.07,126.00
23.00,217,163.92,2.00,15.64,0.00,0.11,543.33,98.71
23.00,218,160.93,0.00,16.10,0.00,-0.09,536.80,144.27
23.00,219,157.52,1.00,17.26,0.00,-0.04,554.05,126.63
23.00,220,133.38,2.00,15.57,0.00,-0.10,635.99,144.55
23.00,221,128.49,0.00,16.20,0.00,-0.00,612.96,183.52
23.00,222,122.66,1.00,17.01,0.00,0.05,639.34,174.78
23.00,223,97.37,2.00,15.46,0.00,-0.15,707.73,207.90
23.00,224,96.51,0.00,16.27,0.00,-0.11,675.68,239.85
23.00,225,88.41,1.00,16.89,0.00,0.20,707.26,243.04
23.00,226,66.43,2.00,15.82,0.00,-0.05,765.18,295.12
23.00,227,63.70,0.00,16.41,0.00,-0.12,723.23,312.20
23.00,228,55.54,1.00,16.78,0.00,-0.08,752.94,323.41
23.00,230,30.55,0.00,16.52,0.00,0.16,750.88,395.56
23.00,229,28.92,2.00,15.83,0.00,-0.04,795.99,391.41
23.00,231,22.71,1.00,16.90,0.00,0.14,776.47,412.85
24.00,236,772.72,0.00,16.59,0.00,-0.11,749.67,524.87
24.00,235,767.72,2.00,15.79,0.00,-0.03,790.83,547.94
24.00,237,763.62,1.00,16.90,0.00,0.14,765.56,554.77
24.00,239,739.51,0.00,16.61,0.00,-0.05,720.74,607.65
24.00,238,739.10,2.00,15.72,0.00,-0.20,760.71,628.74
24.00,240,729.79,1.00,16.80,0.00,0.03,727.53,641.97
24.00,241,710.49,2.00,15.70,0.00,-0.16,713.44,700.31
24.00,242,706.59,0.00,16.72,0.00,0.14,671.68,679.53
24.00,243,696.83,1.00,16.78,0.00,0.15,669.49,714.32
24.00,244,681.62,2.00,15.79,0.00,-0.10,651.05,759.58
24.00,245,673.22,0.00,16.82,0.00,0.07,605.22,736.55
24.00,246,662.47,1.00,16.92,0.00,0.06,591.13,771.09
24.00,247,652.84,2.00,15.99,0.00,-0.23,576.11,803.48
24.00,248,639.58,0.00,16.86,0.00,0.07,524.61,774.76
24.00,249,627.85,1.00,16.90,0.00,0.03,499.74,804.77
24.00,250,623.04,2.00,16.39,0.00,-0.17,491.10,829.60
24.00,251,605.90,0.00,16.77,0.00,-0.11,437.74,790.15
24.00,252,594.32,1.00,16.66,0.00,0.04,405.85,812.59
24.00,253,592.53,2.00,16.88,0.00,-0.18,399.65,834.92
24.00,254,572.64,0.00,16.74,0.00,0.15,350.19,782.26
24.00,255,561.27,1.00,16.67,0.00,-0.05,314.31,795.93
24.00,256,560.85,2.00,17.32,0.00,-0.04,306.35,817.13
24.00,257,539.18,0.00,16.83,0.00,0.04,267.16,751.49
24.00,258,528.76,1.00,16.60,0.00,-0.08,231.57,756.90
24.00,259,528.30,2.00,17.51,0.00,0.04,217.42,774.59
24.00,260,505.60,0.00,16.82,0.00,-0.13,195.85,700.59
24.00,261,495.82,1.00,16.82,0.00,0.12,160.69,696.94
24.00,262,492.55,2.00,17.57,0.00,-0.11,129.35,695.11
24.00,263,472.44,0.00,16.83,0.00,0.04,140.30,632.57
24.00,264,462.68,1.00,16.86,0.00,-0.14,107.45,620.34
24.00,265,451.27,2.00,17.63,0.00,0.03,72.71,598.80
24.00,266,438.15,0.00,16.89,0.00,-0.02,103.60,549.81
24.00,267,428.92,1.00,16.83,0.00,-0.03,75.58,530.86
24.00,268,415.05,2.00,17.29,0.00,0.10,46.15,482.07
24.00,269,405.10,0.00,16.79,0.00,0.12,90.56,463.50
24.00,270,395.41,1.00,16.80,0.00,0.14,68.53,436.87
24.00,201,373.59,2.00,16.95,0.00,0.09,55.34,370.99
24.00,200,371.89,0.00,16.72,0.00,-0.12,100.43,376.83
24.00,204,359.34,1.00,17.48,0.00,0.07,88.92,337.10
24.00,202,342.27,2.00,16.70,0.00,0.04,87.95,283.02
24.00,203,337.53,0.00,16.56,0.00,0.21,133.78,293.19
24.00,207,324.31,1.00,17.82,0.00,-0.12,134.88,249.69
24.00,205,309.88,2.00,16.45,0.00,0.01,143.18,203.59
24.00,206,304.07,0.00,16.35,0.00,0.04,187.23,222.79
24.00,210,285.86,1.00,18.16,0.00,0.05,210.77,172.46
24.00,208,278.14,2.00,16.31,0.00,-0.09,215.08,141.85
24.00,209,271.13,0.00,16.01,0.00,0.02,255.95,169.65
24.00,213,248.05,1.00,18.02,0.00,-0.05,304.45,122.36
24.00,211,245.98,2.00,16.03,0.00,0.13,313.21,95.68
24.00,212,240.15,0.00,15.98,0.00,0.04,330.88,137.57
24.00,216,210.93,1.00,17.66,0.00,0.12,406.66,102.22
24.00,214,208.92,2.00,15.79,0.00,-0.01,410.58,79.46
24.00,215,208.41,0.00,16.10,0.00,0.11,413.60,124.56
24.00,217,179.57,2.00,15.66,0.00,-0.01,498.04,86.65
24.00,218,177.03,0.00,16.08,0.00,-0.01,495.90,132.37
24.00,219,174.86,1.00,17.43,0.00,0.23,507.54,111.83
24.00,220,148.96,2.00,15.57,0.00,-0.14,595.73,120.71
24.00,221,144.71,0.00,16.23,0.00,0.04,576.17,161.45
24.00,222,139.69,1.00,17.07,0.00,0.12,599.31,148.26
24.00,223,112.82,2.00,15.46,0.00,0.03,675.02,174.95
24.00,224,112.76,0.00,16.28,0.00,0.14,645.61,209.25
24.00,225,105.32,1.00,16.97,0.00,0.18,676.05,207.04
24.00,226,82.18,2.00,15.69,0.00,-0.11,742.26,253.80
24.00,227,80.12,0.00,16.42,0.00,0.10,701.70,274.32
24.00,228,72.35,1.00,16.84,0.00,0.06,732.19,280.82
24.00,230,47.11,0.00,16.52,0.00,-0.15,739.83,353.06
24.00,229,44.76,2.00,15.82,0.00,-0.18,784.77,345.23
24.00,231,39.58,1.00,16.88,0.00,0.12,767.27,366.14
24.00,233,14.37,0.00,16.63,0.00,0.02,756.07,436.85
24.00,232,13.45,2.00,15.86,0.00,-0.07,801.65,448.88
24.00,234,5.48,1.00,16.91,0.00,0.04,779.32,457.42